5 0.296875 0.45625 0.4578125 0.834375
5 0.75390625 0.45625 0.440625 0.834375
3 0.296875 0.25078125 0.4578125 0.4234375
4 0.296875 0.1828125 0.4578125 0.2875
0 0.296875 0.39296875 0.4578125 0.1390625
3 0.296875 0.66171875 0.4578125 0.3984375
4 0.296875 0.59453125 0.4578125 0.2640625
0 0.296875 0.7953125 0.4578125 0.1390625
3 0.75390625 0.271875 0.440625 0.465625
4 0.75390625 0.20859375 0.440625 0.3375
0 0.75390625 0.43984375 0.440625 0.1296875
3 0.75390625 0.6859375 0.440625 0.3640625
4 0.75390625 0.55625 0.440625 0.1046875
0 0.75390625 0.7390625 0.440625 0.2578125