5 0.52578125 0.56953125 0.86875 0.765625
3 0.3046875 0.5078125 0.40625 0.2609375
4 0.3046875 0.490625 0.40625 0.221875
0 0.29921875 0.61484375 0.415625 0.04375
3 0.30625 0.73359375 0.403125 0.184375
4 0.30234375 0.71640625 0.40625 0.1609375
0 0.3078125 0.80703125 0.40625 0.034375
3 0.30859375 0.87734375 0.3875 0.1046875
3 0.71875 0.4171875 0.4171875 0.0796875
4 0.30625 0.8609375 0.3921875 0.075
0 0.30234375 0.9125 0.3953125 0.034375
3 0.71640625 0.52265625 0.4234375 0.1328125
4 0.71484375 0.490625 0.4203125 0.06875
0 0.71796875 0.5546875 0.4140625 0.06875
3 0.71640625 0.64296875 0.4125 0.1078125
4 0.71640625 0.60546875 0.4125 0.034375
0 0.71875 0.6609375 0.4125 0.0734375
3 0.71875 0.74296875 0.4234375 0.1078125
4 0.71875 0.70859375 0.4234375 0.0390625
0 0.71484375 0.759375 0.425 0.075
3 0.71875 0.8625 0.434375 0.1484375
4 0.71875 0.8296875 0.428125 0.0671875
0 0.71875 0.8984375 0.428125 0.0671875
0 0.71796875 0.4171875 0.4140625 0.0796875
2 0.51875 0.29765625 0.828125 0.1609375