5 0.503125 0.475 0.9140625 0.8640625
3 0.50234375 0.1078125 0.9140625 0.125
4 0.50390625 0.0578125 0.9265625 0.0171875
0 0.49921875 0.1140625 0.9140625 0.1046875
3 0.4953125 0.24609375 0.915625 0.1359375
4 0.50078125 0.1953125 0.921875 0.034375
0 0.4953125 0.26015625 0.921875 0.1015625
3 0.50078125 0.4234375 0.9265625 0.1875
4 0.50234375 0.371875 0.925 0.0828125
0 0.496875 0.465625 0.925 0.0984375
3 0.5046875 0.60703125 0.9140625 0.14375
4 0.49765625 0.5578125 0.90625 0.0375
0 0.49921875 0.63046875 0.91875 0.0984375
3 0.4953125 0.7703125 0.915625 0.14375
4 0.496875 0.7203125 0.925 0.0421875
0 0.49765625 0.790625 0.921875 0.0953125
3 0.49140625 0.88203125 0.9140625 0.0453125
4 0.49140625 0.88203125 0.9140625 0.0453125