5 0.2890625 0.51953125 0.4390625 0.8796875
5 0.73203125 0.5171875 0.4421875 0.88125
3 0.28984375 0.33515625 0.4328125 0.515625
3 0.29140625 0.7328125 0.4375 0.2875
3 0.7296875 0.128125 0.4453125 0.103125
3 0.73125 0.67421875 0.4359375 0.18125
0 0.73125 0.884375 0.4359375 0.1453125
3 0.290625 0.91796875 0.44375 0.0796875
3 0.7296875 0.28984375 0.4453125 0.2203125
3 0.7296875 0.4921875 0.4453125 0.184375
0 0.28984375 0.55390625 0.4328125 0.078125
0 0.29140625 0.81875 0.4375 0.1171875
3 0.7296875 0.128125 0.4453125 0.103125
3 0.73125 0.6734375 0.4359375 0.1765625
0 0.290625 0.9265625 0.44375 0.0625
3 0.7296875 0.34609375 0.4453125 0.1078125
0 0.7296875 0.56640625 0.4453125 0.0359375
4 0.28984375 0.29765625 0.4328125 0.440625
4 0.29140625 0.67734375 0.4375 0.1765625
4 0.72890625 0.659375 0.4359375 0.1453125
4 0.290625 0.8875 0.44375 0.0203125
4 0.7296875 0.23671875 0.4453125 0.1140625
4 0.7296875 0.47421875 0.4453125 0.1484375
4 0.73125 0.7875 0.4359375 0.0546875
0 0.73125 0.746875 0.4359375 0.03125
3 0.73125 0.85390625 0.4359375 0.1859375