5 0.496875 0.478125 0.9078125 0.890625
3 0.496875 0.10234375 0.9078125 0.1390625
3 0.496875 0.2390625 0.9078125 0.134375
3 0.496875 0.3796875 0.9078125 0.13125
3 0.496875 0.51484375 0.9078125 0.13125
3 0.496875 0.8421875 0.9078125 0.15625
4 0.496875 0.05078125 0.9078125 0.0359375
4 0.496875 0.1875 0.9078125 0.03125
4 0.496875 0.32890625 0.9078125 0.0296875
4 0.496875 0.4640625 0.9078125 0.0296875
4 0.496875 0.79296875 0.9078125 0.0546875
0 0.496875 0.11875 0.9078125 0.10625
0 0.496875 0.25546875 0.9078125 0.1015625
0 0.496875 0.3953125 0.9078125 0.1
0 0.496875 0.5296875 0.9078125 0.1015625
0 0.496875 0.871875 0.9078125 0.096875
2 0.496875 0.67109375 0.903125 0.1828125