5 0.5046875 0.48125 0.9140625 0.884375
3 0.4953125 0.10546875 0.921875 0.1375
4 0.4953125 0.05 0.9265625 0.0375
0 0.4953125 0.1203125 0.921875 0.1078125
3 0.49921875 0.25078125 0.9140625 0.1421875
4 0.50078125 0.2 0.921875 0.0484375
0 0.49765625 0.275 0.915625 0.0984375
3 0.49921875 0.4078125 0.925 0.1484375
4 0.50078125 0.35859375 0.915625 0.0578125
0 0.49765625 0.4359375 0.921875 0.1046875
3 0.50234375 0.70390625 0.91875 0.409375
4 0.4953125 0.65 0.921875 0.309375
0 0.50078125 0.85859375 0.9265625 0.1