5 0.52890625 0.52421875 0.8265625 0.890625
3 0.3078125 0.18984375 0.4 0.1140625
3 0.3078125 0.35234375 0.4 0.2078125
3 0.31015625 0.6109375 0.421875 0.3171875
3 0.30234375 0.85546875 0.3953125 0.1765625
3 0.71328125 0.20859375 0.396875 0.11875
3 0.703125 0.88671875 0.4125 0.10625
4 0.30625 0.1578125 0.3921875 0.040625
0 0.30625 0.21484375 0.3921875 0.06875
4 0.30859375 0.271875 0.403125 0.0375
0 0.31171875 0.37265625 0.403125 0.1640625
4 0.31015625 0.4796875 0.4109375 0.0625
0 0.31015625 0.63984375 0.421875 0.259375
4 0.29765625 0.79609375 0.3875 0.0515625
0 0.30625 0.8796875 0.3984375 0.125
4 0.715625 0.17421875 0.40625 0.05
0 0.715625 0.2328125 0.4 0.0671875
4 0.70859375 0.85234375 0.40625 0.034375
0 0.70859375 0.9046875 0.40625 0.0703125
3 0.715625 0.1140625 0.40625 0.075
4 0.715625 0.09453125 0.40625 0.0359375
0 0.715625 0.13203125 0.40625 0.04375
2 0.7140625 0.55078125 0.3921875 0.5625