5 0.50390625 0.48671875 0.90625 0.8765625
2 0.49609375 0.159375 0.90625 0.24375
3 0.49453125 0.36328125 0.90625 0.1484375
3 0.4984375 0.5234375 0.90625 0.15625
3 0.4984375 0.68984375 0.90625 0.1515625
3 0.4984375 0.834375 0.90625 0.13125
0 0.49453125 0.3859375 0.90625 0.1046875
0 0.4984375 0.55234375 0.90625 0.0984375
0 0.4984375 0.7109375 0.90625 0.1078125
0 0.4984375 0.85546875 0.90625 0.0890625
4 0.49453125 0.31171875 0.90625 0.0453125
4 0.4984375 0.4734375 0.90625 0.05625
4 0.4984375 0.63671875 0.90625 0.0453125
4 0.4984375 0.7875 0.90625 0.0375