5 0.49609375 0.47578125 0.90625 0.8765625
3 0.49609375 0.12734375 0.90625 0.1796875
3 0.49609375 0.29765625 0.90625 0.1484375
3 0.4984375 0.4859375 0.90625 0.1796875
3 0.4984375 0.65546875 0.90625 0.1484375
3 0.4984375 0.821875 0.90625 0.15625
0 0.49609375 0.153125 0.90625 0.128125
0 0.49609375 0.315625 0.90625 0.1125
0 0.4984375 0.509375 0.90625 0.1328125
0 0.4984375 0.67109375 0.90625 0.1171875
0 0.4984375 0.83671875 0.90625 0.128125
4 0.49609375 0.06328125 0.90625 0.053125
4 0.49609375 0.240625 0.90625 0.034375
4 0.4984375 0.41875 0.90625 0.0453125
4 0.4984375 0.59453125 0.90625 0.0265625
4 0.4984375 0.75859375 0.90625 0.028125