5 0.49765625 0.47265625 0.9 0.8640625
3 0.496875 0.11484375 0.925 0.14375
4 0.50390625 0.0609375 0.915625 0.05625
0 0.496875 0.1328125 0.91875 0.1
3 0.49921875 0.39921875 0.9140625 0.13125
4 0.49375 0.3484375 0.91875 0.0296875
0 0.49765625 0.4109375 0.921875 0.1078125
3 0.49921875 0.54375 0.9296875 0.125
4 0.4953125 0.49375 0.915625 0.025
0 0.49609375 0.55390625 0.9234375 0.1046875
3 0.496875 0.68671875 0.925 0.128125
4 0.4953125 0.6375 0.9328125 0.028125
0 0.49765625 0.703125 0.921875 0.0953125
3 0.4984375 0.8421875 0.9125 0.1328125
4 0.49375 0.790625 0.925 0.0375
0 0.49921875 0.85703125 0.91875 0.1
3 0.9609375 0.54609375 0.0109375 0.0203125
2 0.496875 0.26015625 0.9203125 0.1484375