5 0.29296875 0.4828125 0.4 0.83125
5 0.70390625 0.48359375 0.3640625 0.8328125
3 0.29296875 0.1421875 0.4 0.1484375
3 0.2921875 0.3109375 0.4 0.1796875
3 0.2921875 0.47421875 0.4 0.128125
3 0.2921875 0.63671875 0.4 0.1796875
3 0.2921875 0.8203125 0.4 0.1578125
3 0.70390625 0.78515625 0.3625 0.2296875
3 0.70390625 0.5546875 0.3625 0.2125
3 0.703125 0.2515625 0.3640625 0.36875
4 0.29296875 0.1078125 0.4 0.0796875
0 0.29296875 0.18203125 0.4 0.0671875
4 0.2921875 0.26875 0.4 0.096875
0 0.2921875 0.359375 0.4 0.0828125
4 0.2921875 0.43359375 0.4 0.0453125
0 0.2921875 0.4984375 0.4 0.0796875
4 0.2921875 0.59609375 0.4 0.0984375
0 0.2921875 0.6859375 0.4 0.0796875
4 0.703125 0.18125 0.3640625 0.228125
0 0.703125 0.3640625 0.3640625 0.14375
4 0.70390625 0.478125 0.3625 0.059375
0 0.70390625 0.584375 0.3625 0.1515625
4 0.70390625 0.7296875 0.3625 0.1171875
0 0.70390625 0.8453125 0.3625 0.109375
4 0.2921875 0.78203125 0.4 0.08125
0 0.2921875 0.86015625 0.4 0.078125