5 0.2953125 0.51015625 0.4078125 0.871875
5 0.6953125 0.51015625 0.403125 0.871875
3 0.2953125 0.11328125 0.4078125 0.078125
4 0.2953125 0.0953125 0.4078125 0.0421875
0 0.2953125 0.1359375 0.4078125 0.0359375
3 0.2953125 0.18671875 0.4078125 0.0703125
4 0.2953125 0.16875 0.4078125 0.03125
0 0.2953125 0.19921875 0.4078125 0.0375
3 0.2953125 0.271875 0.4078125 0.1078125
4 0.2953125 0.2375 0.4078125 0.0390625
0 0.2953125 0.29140625 0.4078125 0.06875
3 0.2953125 0.4265625 0.4078125 0.209375
3 0.2953125 0.4265625 0.4078125 0.209375
4 0.2953125 0.3625 0.4078125 0.08125
0 0.2953125 0.46640625 0.4078125 0.128125
3 0.2953125 0.5703125 0.4078125 0.0921875
4 0.2953125 0.553125 0.4078125 0.05625
0 0.2953125 0.59765625 0.4078125 0.0421875
3 0.2953125 0.6640625 0.4078125 0.1
4 0.2953125 0.63046875 0.4078125 0.034375
0 0.2953125 0.67734375 0.4078125 0.06875
3 0.2953125 0.74375 0.4078125 0.078125
4 0.2953125 0.728125 0.4078125 0.0453125
0 0.2953125 0.76640625 0.4078125 0.0390625
3 0.2953125 0.86640625 0.4078125 0.15625
4 0.2953125 0.86640625 0.4078125 0.15625
3 0.6953125 0.13984375 0.403125 0.13125
4 0.6953125 0.0875 0.403125 0.025
0 0.6953125 0.15234375 0.403125 0.1015625
3 0.6953125 0.26328125 0.403125 0.125
4 0.6953125 0.246875 0.403125 0.0828125
0 0.6953125 0.30390625 0.403125 0.0359375
3 0.6953125 0.46796875 0.403125 0.284375
4 0.6953125 0.43671875 0.403125 0.221875
0 0.6953125 0.57421875 0.403125 0.0671875
3 0.6953125 0.6609375 0.403125 0.1140625
4 0.6953125 0.62421875 0.403125 0.0421875
0 0.6953125 0.678125 0.403125 0.075
3 0.6953125 0.778125 0.403125 0.125
4 0.6953125 0.73359375 0.403125 0.0359375
0 0.6953125 0.79609375 0.403125 0.09375
3 0.6953125 0.88671875 0.403125 0.09375
4 0.6953125 0.88671875 0.403125 0.09375