5 0.496875 0.47578125 0.91875 0.88125
3 0.496875 0.1140625 0.91875 0.1578125
3 0.496875 0.271875 0.91875 0.1609375
3 0.496875 0.42578125 0.91875 0.1453125
3 0.496875 0.64921875 0.91875 0.1546875
3 0.496875 0.81640625 0.91875 0.15625
4 0.496875 0.05234375 0.91875 0.0359375
4 0.496875 0.20703125 0.91875 0.03125
4 0.496875 0.36796875 0.91875 0.0296875
4 0.496875 0.590625 0.91875 0.0359375
4 0.496875 0.75859375 0.91875 0.0421875
0 0.496875 0.13125 0.91875 0.125
0 0.496875 0.28671875 0.91875 0.1296875
0 0.496875 0.44140625 0.91875 0.1140625
0 0.496875 0.66796875 0.91875 0.1171875
0 0.496875 0.83671875 0.91875 0.115625
2 0.496875 0.53515625 0.9125 0.0671875