5 0.2953125 0.45390625 0.3984375 0.78125
5 0.70546875 0.453125 0.3953125 0.7828125
3 0.29453125 0.15 0.3984375 0.171875
3 0.2953125 0.3015625 0.4 0.10625
3 0.29453125 0.4953125 0.3953125 0.2703125
3 0.29453125 0.73984375 0.3984375 0.2078125
3 0.7046875 0.18984375 0.3953125 0.25625
3 0.7046875 0.43125 0.3953125 0.21875
3 0.70625 0.69609375 0.39375 0.296875
4 0.2953125 0.096875 0.3984375 0.06875
4 0.7046875 0.14140625 0.3953125 0.1578125
4 0.29375 0.271875 0.4 0.046875
4 0.29609375 0.45 0.3953125 0.1796875
4 0.7046875 0.40625 0.396875 0.16875
4 0.29375 0.65859375 0.3984375 0.04375
4 0.70703125 0.63046875 0.3921875 0.165625
0 0.29609375 0.184375 0.4 0.103125
0 0.29453125 0.325 0.4 0.059375
0 0.29375 0.5859375 0.396875 0.090625
0 0.29453125 0.7625 0.396875 0.1640625
0 0.70546875 0.77890625 0.39375 0.13125
0 0.7046875 0.515625 0.396875 0.05
0 0.70546875 0.26953125 0.3953125 0.0984375