5 0.27578125 0.4859375 0.4421875 0.8140625
5 0.7109375 0.4859375 0.4390625 0.8140625
3 0.27578125 0.15390625 0.4421875 0.15
4 0.27578125 0.11015625 0.4421875 0.0625
0 0.27578125 0.1828125 0.4421875 0.096875
3 0.27578125 0.3703125 0.4421875 0.2921875
4 0.27578125 0.32578125 0.4421875 0.203125
0 0.27578125 0.471875 0.4421875 0.090625
3 0.27578125 0.696875 0.4421875 0.3578125
4 0.27578125 0.64765625 0.4421875 0.2578125
0 0.27578125 0.8265625 0.4421875 0.0984375
3 0.7109375 0.2859375 0.4390625 0.415625
4 0.7109375 0.1890625 0.4390625 0.2203125
0 0.7109375 0.3953125 0.4390625 0.19375
3 0.7109375 0.68515625 0.4390625 0.3796875
4 0.7109375 0.58203125 0.4390625 0.171875
0 0.7109375 0.771875 0.4390625 0.2125