5 0.2953125 0.50390625 0.403125 0.8671875
5 0.7078125 0.50390625 0.3953125 0.8671875
3 0.2953125 0.128125 0.403125 0.115625
0 0.2953125 0.1671875 0.403125 0.0390625
4 0.2953125 0.10546875 0.403125 0.075
3 0.2953125 0.21875 0.403125 0.078125
4 0.2953125 0.19921875 0.403125 0.0375
0 0.2953125 0.23671875 0.403125 0.0375
3 0.2953125 0.3015625 0.403125 0.09375
4 0.2953125 0.28125 0.403125 0.053125
0 0.2953125 0.32578125 0.403125 0.0453125
3 0.2953125 0.3984375 0.403125 0.1046875
4 0.2953125 0.378125 0.403125 0.0640625
0 0.2953125 0.4296875 0.403125 0.0453125
3 0.2953125 0.5 0.403125 0.1046875
4 0.2953125 0.48125 0.403125 0.0671875
0 0.2953125 0.53125 0.403125 0.0421875
3 0.2953125 0.5953125 0.403125 0.090625
4 0.2953125 0.57421875 0.403125 0.05
0 0.2953125 0.61640625 0.403125 0.0421875
3 0.2953125 0.6890625 0.403125 0.1078125
4 0.2953125 0.65234375 0.403125 0.0359375
0 0.2953125 0.70625 0.403125 0.0734375
3 0.2953125 0.83828125 0.403125 0.1953125
4 0.2953125 0.81953125 0.403125 0.1578125
0 0.2953125 0.91875 0.403125 0.0375
3 0.7078125 0.1375 0.3953125 0.13125
4 0.7078125 0.10390625 0.3953125 0.0625
0 0.7078125 0.16796875 0.3953125 0.075
3 0.7078125 0.303125 0.3953125 0.203125
4 0.7078125 0.22109375 0.3953125 0.0390625
0 0.7078125 0.32265625 0.3953125 0.16875
3 0.7078125 0.4921875 0.3953125 0.1828125
4 0.7078125 0.47265625 0.3953125 0.1453125
0 0.7078125 0.5609375 0.3953125 0.0359375
3 0.7078125 0.66640625 0.3953125 0.175
4 0.7078125 0.65 0.3953125 0.14375
0 0.7078125 0.734375 0.3953125 0.0375
3 0.7078125 0.803125 0.3953125 0.1078125
4 0.7078125 0.784375 0.3953125 0.0703125
4 0.7078125 0.784375 0.3953125 0.0703125
0 0.7078125 0.8375 0.3953125 0.0390625
3 0.7078125 0.8953125 0.3953125 0.08125
4 0.7078125 0.878125 0.3953125 0.0484375
0 0.7078125 0.91796875 0.3953125 0.0390625