5 0.3109375 0.48828125 0.440625 0.7578125
3 0.3109375 0.2234375 0.440625 0.2265625
4 0.3109375 0.16640625 0.440625 0.1125
0 0.3109375 0.278125 0.440625 0.1203125
3 0.3109375 0.46484375 0.440625 0.2203125
4 0.3109375 0.41171875 0.440625 0.1140625
0 0.3109375 0.51953125 0.440625 0.10625
3 0.3109375 0.73671875 0.440625 0.2703125
4 0.3109375 0.684375 0.440625 0.165625
0 0.3109375 0.81640625 0.440625 0.10625
5 0.76171875 0.49140625 0.4390625 0.7671875
3 0.76171875 0.19765625 0.4390625 0.18125
4 0.76171875 0.15859375 0.4390625 0.1015625
0 0.76171875 0.24921875 0.4390625 0.0828125
3 0.76171875 0.45859375 0.4390625 0.3203125
4 0.76171875 0.37734375 0.4390625 0.1578125
0 0.76171875 0.5359375 0.4390625 0.159375
3 0.76171875 0.746875 0.4390625 0.253125
4 0.76171875 0.67734375 0.4390625 0.1140625
0 0.76171875 0.803125 0.4390625 0.1421875