5 0.50078125 0.47734375 0.9078125 0.8640625
3 0.50078125 0.1140625 0.9078125 0.1375
3 0.50078125 0.26796875 0.9078125 0.1671875
3 0.50078125 0.46953125 0.9078125 0.221875
3 0.50078125 0.6671875 0.9078125 0.1546875
3 0.50078125 0.82734375 0.9078125 0.1578125
4 0.50078125 0.05703125 0.9078125 0.0234375
4 0.50078125 0.19609375 0.9078125 0.0234375
4 0.50078125 0.3828125 0.9078125 0.0484375
4 0.50078125 0.61171875 0.9078125 0.04375
4 0.50078125 0.77109375 0.9078125 0.0453125
0 0.50078125 0.12734375 0.9078125 0.1125
0 0.50078125 0.28203125 0.9078125 0.140625
0 0.50078125 0.4953125 0.9078125 0.1703125
0 0.50078125 0.690625 0.9078125 0.1078125
0 0.50078125 0.85078125 0.9078125 0.1125