5 0.2953125 0.49765625 0.3921875 0.70625
5 0.71171875 0.49453125 0.3953125 0.70625
3 0.29375 0.2734375 0.3921875 0.2578125
3 0.71171875 0.21875 0.39375 0.1546875
3 0.2953125 0.5 0.390625 0.1578125
3 0.7109375 0.35078125 0.39375 0.1015625
3 0.7109375 0.46640625 0.39375 0.11875
3 0.29453125 0.71953125 0.390625 0.2609375
3 0.71171875 0.6 0.39375 0.140625
3 0.71171875 0.7609375 0.39375 0.1734375
4 0.29296875 0.18046875 0.390625 0.0703125
4 0.71171875 0.18515625 0.39375 0.0875
4 0.2953125 0.453125 0.3890625 0.0640625
4 0.7109375 0.3171875 0.3953125 0.0328125
4 0.7109375 0.4484375 0.390625 0.084375
4 0.29375 0.6671875 0.3890625 0.15625
4 0.71171875 0.5578125 0.39375 0.05625
4 0.7109375 0.721875 0.3921875 0.09375
0 0.29296875 0.31015625 0.3890625 0.1859375
0 0.7109375 0.26171875 0.3953125 0.0671875
0 0.71171875 0.36640625 0.39375 0.065625
0 0.29609375 0.5328125 0.3890625 0.09375
0 0.7109375 0.5078125 0.3921875 0.034375
0 0.7109375 0.628125 0.3921875 0.0828125
0 0.29375 0.79765625 0.3890625 0.10625
0 0.7109375 0.809375 0.390625 0.078125
2 0.5015625 0.125 0.8109375 0.0296875