5 0.49765625 0.496875 0.9203125 0.9359375
3 0.49765625 0.13203125 0.9203125 0.2046875
3 0.49765625 0.43828125 0.9203125 0.096875
3 0.49765625 0.56875 0.9203125 0.1609375
3 0.49765625 0.6953125 0.9203125 0.09375
3 0.49765625 0.8234375 0.9203125 0.1609375
4 0.49765625 0.08125 0.9203125 0.1046875
0 0.49765625 0.18359375 0.9203125 0.1015625
4 0.49765625 0.77734375 0.9203125 0.0703125
0 0.49765625 0.85625 0.9203125 0.096875
4 0.49765625 0.6953125 0.9203125 0.09375
4 0.49765625 0.5671875 0.9203125 0.1578125
4 0.49765625 0.43828125 0.9203125 0.096875