5 0.5 0.4859375 0.90625 0.8671875
3 0.5 0.10859375 0.90625 0.13125
3 0.5 0.24609375 0.90625 0.15
3 0.5 0.39765625 0.90625 0.1484375
3 0.5 0.81171875 0.90625 0.190625
4 0.5 0.0625 0.90625 0.0390625
4 0.5 0.19453125 0.90625 0.046875
4 0.5 0.3453125 0.90625 0.0453125
4 0.5 0.76015625 0.90625 0.0875
0 0.5 0.1265625 0.90625 0.0875
0 0.5 0.26875 0.90625 0.1046875
0 0.5 0.4171875 0.90625 0.1
0 0.5 0.85546875 0.90625 0.103125
3 0.5 0.5484375 0.90625 0.1453125
0 0.5 0.5703125 0.90625 0.1015625
4 0.5 0.49609375 0.90625 0.0421875
2 0.5 0.66796875 0.90625 0.0875