5 0.2953125 0.49296875 0.38125 0.7703125
5 0.7 0.49375 0.378125 0.7734375
3 0.29453125 0.36484375 0.384375 0.5171875
3 0.69921875 0.19375 0.3796875 0.1734375
3 0.69921875 0.340625 0.3796875 0.1125
3 0.6984375 0.45390625 0.378125 0.0921875
3 0.7 0.6296875 0.3796875 0.2328125
3 0.6984375 0.821875 0.378125 0.1140625
3 0.29375 0.75703125 0.3828125 0.246875
4 0.29453125 0.23828125 0.384375 0.2625
4 0.6984375 0.134375 0.38125 0.053125
4 0.6984375 0.3140625 0.378125 0.0609375
4 0.6984375 0.428125 0.378125 0.0421875
0 0.29375 0.496875 0.3828125 0.253125
0 0.69765625 0.221875 0.3796875 0.11875
0 0.6984375 0.371875 0.38125 0.053125
0 0.6984375 0.4734375 0.378125 0.0484375
4 0.7 0.58046875 0.378125 0.1328125
4 0.2921875 0.7015625 0.38125 0.1375
4 0.696875 0.7984375 0.3765625 0.0671875
0 0.6984375 0.69765625 0.378125 0.096875
0 0.696875 0.85625 0.3765625 0.046875
0 0.2921875 0.82578125 0.38125 0.1078125