5 0.29375 0.46484375 0.3921875 0.765625
5 0.71328125 0.4625 0.4015625 0.765625
3 0.2921875 0.13828125 0.39375 0.1140625
3 0.2921875 0.27265625 0.39375 0.1390625
3 0.2921875 0.41171875 0.39375 0.10625
3 0.7125 0.12265625 0.3984375 0.0859375
3 0.71328125 0.25 0.4 0.1359375
3 0.71328125 0.4828125 0.4 0.2828125
3 0.2921875 0.5390625 0.3953125 0.125
3 0.2921875 0.6703125 0.39375 0.1140625
3 0.2921875 0.79296875 0.3953125 0.109375
3 0.71328125 0.7421875 0.4 0.20625
4 0.2921875 0.09921875 0.39375 0.0375
4 0.7125 0.09921875 0.4 0.0390625
4 0.7125 0.2078125 0.4 0.0515625
4 0.7125 0.440625 0.4 0.2
4 0.29140625 0.23671875 0.3953125 0.06875
4 0.29140625 0.39296875 0.3953125 0.0671875
4 0.2921875 0.48671875 0.396875 0.021875
4 0.29140625 0.63203125 0.3953125 0.0359375
4 0.71328125 0.66015625 0.4 0.0390625
4 0.29296875 0.7546875 0.390625 0.0359375
0 0.71328125 0.76328125 0.4015625 0.1640625
0 0.29375 0.81015625 0.3921875 0.0734375
0 0.7125 0.58203125 0.4 0.084375
0 0.2921875 0.54921875 0.3953125 0.103125
0 0.29296875 0.6890625 0.390625 0.075
0 0.29140625 0.4453125 0.39375 0.0359375
0 0.71328125 0.2765625 0.396875 0.08125
0 0.29296875 0.15625 0.390625 0.075
0 0.7125 0.140625 0.4 0.0453125
0 0.29140625 0.30625 0.39375 0.0703125