5 0.29140625 0.45625 0.3984375 0.775
5 0.7203125 0.45390625 0.3984375 0.7734375
3 0.2921875 0.15703125 0.396875 0.175
3 0.28984375 0.30390625 0.396875 0.1125
3 0.290625 0.4140625 0.396875 0.0921875
3 0.28984375 0.546875 0.3984375 0.159375
3 0.28984375 0.68203125 0.3984375 0.09375
3 0.290625 0.78984375 0.4 0.1078125
3 0.71953125 0.2 0.396875 0.2640625
3 0.71875 0.4671875 0.3953125 0.25
3 0.71875 0.721875 0.3984375 0.2375
4 0.29140625 0.12421875 0.396875 0.109375
4 0.71953125 0.1234375 0.39375 0.1125
4 0.290625 0.2875 0.4 0.078125
4 0.28984375 0.3828125 0.3953125 0.03125
4 0.28984375 0.484375 0.3984375 0.0375
4 0.28984375 0.665625 0.3953125 0.059375
4 0.28984375 0.77421875 0.3984375 0.0765625
4 0.71875 0.4265625 0.3953125 0.1703125
4 0.71875 0.64453125 0.396875 0.0828125
0 0.71875 0.7625 0.3953125 0.1546875
0 0.71875 0.5515625 0.396875 0.08125
0 0.28984375 0.7125 0.3984375 0.0328125
0 0.28828125 0.82890625 0.4015625 0.0296875
0 0.2890625 0.5640625 0.396875 0.121875
0 0.29140625 0.2109375 0.396875 0.065625
0 0.71875 0.25703125 0.3953125 0.153125
0 0.290625 0.34296875 0.396875 0.03125
0 0.28984375 0.4296875 0.3953125 0.0609375