5 0.29375 0.4625 0.3921875 0.7703125
5 0.72109375 0.4625 0.4109375 0.7703125
3 0.29375 0.16640625 0.3921875 0.178125
3 0.72109375 0.14140625 0.4125 0.1296875
3 0.29296875 0.3890625 0.390625 0.2546875
3 0.72109375 0.37890625 0.409375 0.334375
3 0.2921875 0.56171875 0.3921875 0.075
3 0.2921875 0.68515625 0.3921875 0.15625
3 0.29296875 0.80859375 0.39375 0.078125
3 0.7203125 0.63203125 0.4109375 0.165625
3 0.72109375 0.7859375 0.4125 0.1265625
4 0.290625 0.1296875 0.3890625 0.1046875
4 0.721875 0.1046875 0.415625 0.0609375
4 0.29375 0.35390625 0.390625 0.1859375
4 0.71875 0.228125 0.4109375 0.034375
4 0.29140625 0.54296875 0.390625 0.0375
4 0.71875 0.60078125 0.4109375 0.1046875
4 0.29453125 0.65234375 0.3921875 0.0890625
4 0.2921875 0.79140625 0.396875 0.0390625
4 0.7203125 0.765625 0.4125 0.0875
0 0.29375 0.21875 0.390625 0.075
0 0.7203125 0.17109375 0.4125 0.0703125
0 0.71796875 0.39609375 0.4078125 0.296875
0 0.2921875 0.48203125 0.3890625 0.06875
0 0.71875 0.68359375 0.4125 0.059375
0 0.29140625 0.73046875 0.39375 0.06875
0 0.29140625 0.58046875 0.39375 0.0359375
0 0.29296875 0.8296875 0.396875 0.0375
0 0.7203125 0.8296875 0.415625 0.0375