5 0.3015625 0.4765625 0.4515625 0.8328125
5 0.73984375 0.4765625 0.4125 0.8328125
3 0.3015625 0.259375 0.4515625 0.3984375
4 0.3015625 0.22109375 0.4515625 0.321875
0 0.3015625 0.4171875 0.4515625 0.075
3 0.3015625 0.66484375 0.4515625 0.4171875
4 0.3015625 0.57265625 0.4515625 0.2328125
0 0.3015625 0.77890625 0.4515625 0.18125
3 0.73984375 0.1796875 0.4125 0.2390625
4 0.73984375 0.11328125 0.4125 0.10625
0 0.73984375 0.23125 0.4125 0.134375
3 0.73984375 0.4875 0.4125 0.378125
4 0.73984375 0.42109375 0.4125 0.2453125
0 0.73984375 0.6078125 0.4125 0.1375
3 0.73984375 0.78359375 0.4125 0.1984375
4 0.73984375 0.71328125 0.4125 0.059375
0 0.73984375 0.8078125 0.4125 0.134375