5 0.496875 0.471875 0.9140625 0.853125
3 0.496875 0.11953125 0.91875 0.14375
4 0.50078125 0.0640625 0.9265625 0.0421875
0 0.50078125 0.1375 0.921875 0.109375
3 0.4953125 0.28671875 0.915625 0.1453125
4 0.4921875 0.23359375 0.9109375 0.046875
0 0.4953125 0.309375 0.9265625 0.0953125
3 0.496875 0.45234375 0.9296875 0.15
4 0.49375 0.39765625 0.940625 0.0484375
0 0.4921875 0.47265625 0.921875 0.1171875
3 0.496875 0.62578125 0.91875 0.1609375
4 0.4921875 0.5765625 0.921875 0.0546875
0 0.49375 0.6578125 0.925 0.0984375
3 0.50078125 0.81953125 0.915625 0.178125
4 0.496875 0.76015625 0.925 0.06875
0 0.49921875 0.85 0.9140625 0.109375