5 0.5140625 0.4703125 0.7234375 0.753125
3 0.51328125 0.1265625 0.7234375 0.0671875
3 0.51328125 0.19765625 0.7234375 0.0703125
3 0.51328125 0.321875 0.7234375 0.16875
3 0.51328125 0.45390625 0.721875 0.0875
3 0.5140625 0.5390625 0.7234375 0.06875
3 0.51328125 0.60703125 0.721875 0.0515625
3 0.51328125 0.65546875 0.7234375 0.040625
3 0.5140625 0.7 0.725 0.0359375
3 0.5125 0.75 0.7234375 0.0515625
3 0.51328125 0.81328125 0.7234375 0.0671875
4 0.5125 0.11640625 0.725 0.046875
4 0.5125 0.18359375 0.725 0.0375
4 0.5125 0.28046875 0.725 0.0859375
4 0.5125 0.421875 0.721875 0.021875
4 0.5140625 0.5203125 0.725 0.0328125
4 0.51328125 0.590625 0.7234375 0.01875
4 0.51328125 0.64609375 0.725 0.0234375
4 0.5140625 0.690625 0.725 0.0171875
4 0.5125 0.7328125 0.7203125 0.0171875
4 0.51328125 0.79765625 0.7234375 0.0375
0 0.5140625 0.83046875 0.725 0.0296875
0 0.51171875 0.7578125 0.7234375 0.0328125
0 0.5140625 0.70859375 0.725 0.0171875
0 0.51328125 0.6671875 0.7234375 0.0171875
0 0.5140625 0.55703125 0.7234375 0.0359375
0 0.51328125 0.61640625 0.7234375 0.03125
0 0.5125 0.36484375 0.721875 0.0796875
0 0.5140625 0.46484375 0.7203125 0.0625
0 0.5125 0.21640625 0.725 0.0296875
0 0.51328125 0.15078125 0.7265625 0.0171875