5 0.49765625 0.471875 0.9 0.86875
3 0.49921875 0.10390625 0.9140625 0.1171875
3 0.496875 0.221875 0.91875 0.078125
3 0.50234375 0.56328125 0.9078125 0.13125
4 0.4953125 0.5203125 0.921875 0.028125
0 0.50078125 0.57890625 0.915625 0.090625
3 0.496875 0.70234375 0.9078125 0.1171875
4 0.49765625 0.6546875 0.921875 0.0234375
0 0.49921875 0.71328125 0.9140625 0.090625
3 0.4953125 0.8390625 0.921875 0.1265625
4 0.49765625 0.7890625 0.9375 0.0234375
0 0.49765625 0.8484375 0.9265625 0.0875
4 0.49921875 0.10390625 0.9140625 0.1171875
4 0.496875 0.221875 0.91875 0.078125
1 0.496875 0.3875 0.9140625 0.225