5 0.4984375 0.49765625 0.7890625 0.778125
3 0.49765625 0.16171875 0.7890625 0.1
3 0.49765625 0.24765625 0.784375 0.0515625
3 0.4984375 0.29765625 0.7859375 0.0421875
3 0.49765625 0.3546875 0.7890625 0.0578125
3 0.4984375 0.42890625 0.784375 0.0703125
3 0.4984375 0.49140625 0.7875 0.0421875
3 0.49765625 0.565625 0.7875 0.0859375
3 0.49765625 0.68203125 0.7890625 0.121875
3 0.4984375 0.78125 0.790625 0.0546875
3 0.49765625 0.853125 0.7890625 0.0671875
4 0.496875 0.128125 0.7875 0.03125
4 0.496875 0.23125 0.7859375 0.021875
4 0.49765625 0.2859375 0.7875 0.01875
4 0.49765625 0.34140625 0.7875 0.0328125
4 0.4984375 0.41796875 0.7859375 0.046875
4 0.49765625 0.48203125 0.7875 0.0203125
4 0.496875 0.5328125 0.7875 0.0203125
4 0.49765625 0.671875 0.7875 0.103125
4 0.49765625 0.77109375 0.7890625 0.0359375
4 0.49765625 0.83046875 0.7875 0.021875
0 0.49765625 0.86328125 0.790625 0.0453125
0 0.49765625 0.79765625 0.790625 0.01875
0 0.49765625 0.7328125 0.790625 0.0203125
0 0.496875 0.57578125 0.7875 0.0640625
0 0.49765625 0.503125 0.7875 0.0203125
0 0.49765625 0.45234375 0.7859375 0.021875
0 0.49765625 0.37109375 0.7875 0.0265625
0 0.49765625 0.30703125 0.7875 0.021875
0 0.496875 0.2578125 0.7859375 0.03125
0 0.496875 0.17734375 0.7875 0.065625