5 0.29375 0.45625 0.3890625 0.784375
5 0.70390625 0.45625 0.3921875 0.7890625
3 0.2921875 0.128125 0.3890625 0.128125
3 0.703125 0.1203125 0.390625 0.11875
3 0.29375 0.43828125 0.390625 0.484375
3 0.7046875 0.25859375 0.3921875 0.1453125
3 0.703125 0.42421875 0.3953125 0.16875
3 0.703125 0.68359375 0.390625 0.334375
3 0.29375 0.765625 0.390625 0.165625
4 0.29140625 0.09375 0.390625 0.0578125
4 0.70390625 0.1 0.390625 0.078125
4 0.2921875 0.26953125 0.3890625 0.146875
4 0.70390625 0.22109375 0.39375 0.0703125
4 0.703125 0.40625 0.3953125 0.1328125
4 0.2921875 0.7078125 0.3890625 0.05
4 0.703125 0.63125 0.3921875 0.228125
0 0.703125 0.79765625 0.3921875 0.10625
0 0.29140625 0.79140625 0.390625 0.1125
0 0.29140625 0.51171875 0.390625 0.3390625
0 0.70234375 0.490625 0.39375 0.034375
0 0.29140625 0.1578125 0.390625 0.0671875
0 0.703125 0.159375 0.3921875 0.0421875
0 0.70390625 0.29296875 0.39375 0.071875