5 0.5046875 0.47890625 0.9109375 0.875
3 0.5046875 0.10390625 0.9109375 0.125
3 0.49921875 0.240625 0.9109375 0.1390625
3 0.49921875 0.415625 0.9109375 0.1984375
3 0.49921875 0.5796875 0.9109375 0.128125
3 0.49765625 0.7125 0.9109375 0.1390625
3 0.49765625 0.85390625 0.9109375 0.13125
4 0.5046875 0.05234375 0.9109375 0.021875
4 0.49921875 0.19140625 0.9109375 0.040625
4 0.49921875 0.3609375 0.9109375 0.0875
4 0.49921875 0.52578125 0.9109375 0.0203125
4 0.49765625 0.66171875 0.9109375 0.0359375
4 0.49765625 0.79921875 0.9109375 0.021875
0 0.5046875 0.11640625 0.9109375 0.1
0 0.49921875 0.26328125 0.9109375 0.09375
0 0.49921875 0.46015625 0.9109375 0.1078125
0 0.49921875 0.590625 0.9109375 0.1078125
0 0.49765625 0.73203125 0.9109375 0.1
0 0.49765625 0.86484375 0.9109375 0.109375