5 0.4921875 0.47265625 0.91875 0.8875
3 0.49921875 0.17421875 0.925 0.125
3 0.49921875 0.3046875 0.9140625 0.1203125
3 0.50078125 0.4296875 0.9265625 0.1125
3 0.49765625 0.559375 0.9265625 0.109375
3 0.50078125 0.68671875 0.921875 0.1125
3 0.50234375 0.84296875 0.91875 0.109375
4 0.49921875 0.128125 0.925 0.025
0 0.50078125 0.1875 0.921875 0.0890625
4 0.50390625 0.25390625 0.915625 0.0234375
0 0.49765625 0.31640625 0.921875 0.09375
4 0.496875 0.38359375 0.9296875 0.025
0 0.50625 0.43984375 0.921875 0.0921875
4 0.496875 0.51015625 0.9296875 0.0203125
0 0.49765625 0.56640625 0.9265625 0.0875
4 0.496875 0.6375 0.9296875 0.0234375
0 0.496875 0.69296875 0.91875 0.090625
4 0.4953125 0.80078125 0.9109375 0.0171875
0 0.50078125 0.85546875 0.921875 0.0890625
2 0.49921875 0.07265625 0.925 0.0796875
2 0.4953125 0.7625 0.9109375 0.046875