5 0.26953125 0.5046875 0.4296875 0.775
5 0.7265625 0.503125 0.4296875 0.775
3 0.26953125 0.7046875 0.4296875 0.375
3 0.7265625 0.6171875 0.4296875 0.546875
3 0.26953125 0.409375 0.4296875 0.196875
3 0.26953125 0.21171875 0.4296875 0.190625
3 0.7265625 0.22734375 0.4296875 0.2234375
0 0.26953125 0.24609375 0.4296875 0.121875
4 0.26953125 0.15 0.4296875 0.065625
0 0.26953125 0.4578125 0.4296875 0.1015625
4 0.26953125 0.36015625 0.4296875 0.0984375
0 0.26953125 0.75390625 0.4296875 0.275
4 0.26953125 0.5671875 0.4296875 0.1015625
0 0.7265625 0.6515625 0.4296875 0.4765625
4 0.7265625 0.37734375 0.4296875 0.0671875
0 0.7265625 0.2828125 0.4296875 0.1125
4 0.7265625 0.17265625 0.4296875 0.1140625