5 0.49765625 0.47734375 0.9203125 0.8890625
3 0.49765625 0.1328125 0.9203125 0.2
3 0.49765625 0.4 0.9203125 0.3328125
3 0.49765625 0.69921875 0.9203125 0.1328125
3 0.49765625 0.8359375 0.9203125 0.121875
4 0.49765625 0.078125 0.9203125 0.090625
0 0.49765625 0.1765625 0.9203125 0.1125
4 0.49765625 0.296875 0.9203125 0.125
0 0.49765625 0.459375 0.9203125 0.215625
4 0.49765625 0.64921875 0.9203125 0.034375
0 0.49765625 0.71640625 0.9203125 0.0984375
4 0.49765625 0.7890625 0.9203125 0.028125
0 0.49765625 0.8484375 0.9203125 0.096875
2 0.49921875 0.6 0.91875 0.0625