5 0.48828125 0.49140625 0.8765625 0.8484375
3 0.49140625 0.22421875 0.8765625 0.309375
3 0.48828125 0.44609375 0.8765625 0.1296875
3 0.48828125 0.6015625 0.8765625 0.1640625
0 0.48828125 0.77421875 0.8765625 0.175
0 0.49140625 0.3203125 0.8765625 0.1171875
0 0.48828125 0.46015625 0.8765625 0.1015625
0 0.48828125 0.62578125 0.8765625 0.1171875
0 0.48828125 0.80078125 0.8765625 0.121875
4 0.49140625 0.165625 0.8765625 0.19375
4 0.48828125 0.3953125 0.8765625 0.028125
4 0.48828125 0.54296875 0.8765625 0.0484375
4 0.48828125 0.7125 0.8765625 0.0515625