5 0.50234375 0.47265625 0.9296875 0.871875
3 0.50078125 0.17421875 0.921875 0.265625
4 0.50078125 0.1296875 0.921875 0.1765625
0 0.50234375 0.26640625 0.925 0.0859375
3 0.49765625 0.6046875 0.9109375 0.10625
4 0.49921875 0.565625 0.903125 0.015625
0 0.49921875 0.61796875 0.9140625 0.0875
3 0.50234375 0.72578125 0.91875 0.0984375
4 0.50234375 0.68671875 0.9078125 0.015625
0 0.50078125 0.73671875 0.9109375 0.0796875
3 0.5046875 0.85390625 0.91875 0.1234375
4 0.50234375 0.80390625 0.9140625 0.0234375
0 0.49921875 0.8640625 0.91875 0.09375
2 0.5015625 0.4296875 0.9125 0.240625