5 0.496875 0.47265625 0.925 0.8640625
3 0.49921875 0.13359375 0.9140625 0.2015625
4 0.49140625 0.08125 0.9140625 0.0953125
0 0.49765625 0.18125 0.921875 0.10625
3 0.49921875 0.5203125 0.91875 0.128125
4 0.50390625 0.471875 0.9375 0.028125
0 0.49375 0.53515625 0.91875 0.1
3 0.49375 0.66640625 0.91875 0.125
4 0.4953125 0.61484375 0.9328125 0.028125
0 0.4921875 0.68046875 0.921875 0.0984375
3 0.496875 0.81953125 0.925 0.153125
4 0.49765625 0.7671875 0.9265625 0.05
0 0.496875 0.8421875 0.925 0.1046875
2 0.49765625 0.3515625 0.9265625 0.20625