5 0.2796875 0.49375 0.415625 0.8484375
5 0.72109375 0.49609375 0.4078125 0.853125
3 0.2796875 0.19296875 0.4125 0.246875
3 0.72109375 0.2359375 0.409375 0.3328125
3 0.71953125 0.4890625 0.40625 0.1703125
3 0.7203125 0.67265625 0.4046875 0.184375
3 0.2796875 0.41875 0.415625 0.1890625
3 0.2796875 0.6015625 0.4125 0.1609375
3 0.2796875 0.80546875 0.4125 0.228125
3 0.7203125 0.84609375 0.4078125 0.1515625
4 0.27734375 0.1640625 0.4140625 0.19375
4 0.7203125 0.19765625 0.409375 0.2578125
4 0.2796875 0.37265625 0.4140625 0.0953125
4 0.71875 0.45 0.4015625 0.09375
4 0.2796875 0.559375 0.4140625 0.075
4 0.7203125 0.63125 0.4046875 0.103125
4 0.27890625 0.76015625 0.4125 0.1359375
4 0.72109375 0.8234375 0.40625 0.109375
0 0.27734375 0.2890625 0.4140625 0.05
0 0.2796875 0.46328125 0.4140625 0.0828125
0 0.72109375 0.36484375 0.40625 0.0703125
0 0.72109375 0.5359375 0.40625 0.0734375
0 0.27890625 0.640625 0.4125 0.08125
0 0.72109375 0.725 0.40625 0.084375
0 0.27890625 0.8734375 0.4125 0.0921875
0 0.72109375 0.89765625 0.40625 0.0390625