5 0.5 0.478125 0.8984375 0.875
3 0.5 0.09140625 0.8984375 0.1
3 0.5 0.19921875 0.8984375 0.103125
3 0.5 0.30859375 0.8984375 0.10625
3 0.5 0.41796875 0.8984375 0.1046875
3 0.5 0.52421875 0.8984375 0.1015625
3 0.5 0.7828125 0.8984375 0.2328125
4 0.5 0.09140625 0.8984375 0.1
4 0.5 0.19921875 0.8984375 0.103125
4 0.5 0.30859375 0.8984375 0.10625
4 0.5 0.41796875 0.8984375 0.1046875
4 0.5 0.52421875 0.8984375 0.1015625
4 0.5 0.7828125 0.8984375 0.2328125
0 0.5 0.09140625 0.8984375 0.1
0 0.5 0.19921875 0.8984375 0.103125
0 0.5 0.30859375 0.8984375 0.10625
0 0.5 0.41796875 0.8984375 0.1046875
0 0.5 0.52421875 0.8984375 0.1015625
0 0.5 0.7828125 0.8984375 0.2328125