5 0.50078125 0.47578125 0.921875 0.8734375
3 0.50234375 0.23671875 0.91875 0.175
4 0.49765625 0.17421875 0.9109375 0.0578125
0 0.50078125 0.2625 0.921875 0.1140625
3 0.496875 0.428125 0.91875 0.171875
4 0.49921875 0.36015625 0.9140625 0.0359375
0 0.496875 0.4484375 0.91875 0.1328125
3 0.50078125 0.6203125 0.921875 0.178125
4 0.49921875 0.55 0.925 0.0375
0 0.50078125 0.63984375 0.921875 0.14375
3 0.49765625 0.8125 0.921875 0.1765625
4 0.49921875 0.740625 0.925 0.0375
0 0.50078125 0.83125 0.921875 0.14375
1 0.49765625 0.09453125 0.915625 0.1015625