5 0.290625 0.47890625 0.36875 0.8109375
5 0.70546875 0.47890625 0.3625 0.815625
3 0.28984375 0.19609375 0.36875 0.2453125
3 0.70546875 0.1890625 0.365625 0.234375
3 0.2890625 0.60546875 0.3703125 0.55625
3 0.7046875 0.4609375 0.3640625 0.28125
3 0.70390625 0.6828125 0.3625 0.1484375
3 0.70390625 0.82734375 0.3625 0.1171875
4 0.28984375 0.09140625 0.36875 0.0359375
0 0.28984375 0.21484375 0.36875 0.209375
4 0.70546875 0.14296875 0.365625 0.14375
0 0.70546875 0.26171875 0.365625 0.0875
4 0.7046875 0.41328125 0.3640625 0.1859375
0 0.7046875 0.55546875 0.3640625 0.090625
4 0.2890625 0.56484375 0.3703125 0.4734375
0 0.2890625 0.8421875 0.3703125 0.0828125
4 0.70390625 0.63828125 0.3625 0.059375
0 0.70390625 0.71484375 0.3625 0.0828125
4 0.70390625 0.78359375 0.3625 0.0296875
0 0.70390625 0.84296875 0.3625 0.0859375