5 0.5265625 0.58125 0.859375 0.7171875
1 0.5265625 0.29765625 0.859375 0.1515625
3 0.29765625 0.4265625 0.403125 0.0984375
4 0.29765625 0.4078125 0.403125 0.0609375
0 0.29765625 0.453125 0.403125 0.04375
3 0.29765625 0.56640625 0.403125 0.1875
4 0.29765625 0.546875 0.403125 0.1484375
0 0.29765625 0.63984375 0.403125 0.0390625
3 0.29765625 0.753125 0.403125 0.1875
4 0.29765625 0.73359375 0.403125 0.1484375
0 0.29765625 0.82421875 0.403125 0.04375
3 0.29765625 0.8890625 0.403125 0.09375
3 0.71171875 0.4375 0.403125 0.1046875
0 0.71171875 0.4390625 0.403125 0.10625
4 0.29765625 0.8671875 0.403125 0.05
3 0.71171875 0.55625 0.403125 0.1421875
4 0.71171875 0.51328125 0.403125 0.05625
0 0.71171875 0.58203125 0.403125 0.0890625
3 0.71171875 0.70859375 0.403125 0.16875
4 0.71171875 0.68671875 0.403125 0.125
0 0.71171875 0.76875 0.403125 0.04375
3 0.71171875 0.8421875 0.403125 0.1078125
4 0.71171875 0.8421875 0.403125 0.1078125
4 0.71171875 0.8046875 0.403125 0.034375
0 0.71171875 0.85703125 0.403125 0.0796875