5 0.5 0.48671875 0.7109375 0.7828125
3 0.50078125 0.16484375 0.709375 0.1390625
3 0.4984375 0.27421875 0.709375 0.065625
3 0.49921875 0.3484375 0.7109375 0.0578125
3 0.4984375 0.41796875 0.7125 0.0703125
3 0.49765625 0.4890625 0.709375 0.0625
3 0.50078125 0.6109375 0.709375 0.1609375
3 0.4984375 0.73359375 0.7109375 0.0578125
3 0.5 0.82734375 0.7109375 0.1
4 0.4984375 0.14765625 0.709375 0.1046875
4 0.4984375 0.25390625 0.709375 0.028125
4 0.4984375 0.33125 0.709375 0.0234375
4 0.4984375 0.40234375 0.709375 0.0390625
4 0.4984375 0.46875 0.709375 0.0234375
4 0.49921875 0.6 0.7078125 0.1421875
4 0.49921875 0.71484375 0.709375 0.021875
4 0.49921875 0.7890625 0.709375 0.0234375
0 0.49921875 0.21796875 0.7078125 0.034375
0 0.4984375 0.2875 0.709375 0.0375
0 0.4984375 0.36015625 0.709375 0.034375
0 0.49765625 0.43671875 0.7109375 0.0296875
0 0.49765625 0.50078125 0.7109375 0.0390625
0 0.4984375 0.68125 0.709375 0.01875
0 0.4984375 0.74453125 0.709375 0.0359375
0 0.50078125 0.840625 0.709375 0.078125