5 0.2765625 0.496875 0.415625 0.8421875
5 0.728125 0.49921875 0.415625 0.846875
3 0.27578125 0.14765625 0.4171875 0.14375
3 0.72734375 0.17890625 0.4171875 0.2078125
3 0.728125 0.365625 0.4171875 0.14375
3 0.275 0.31015625 0.4140625 0.15
3 0.275 0.4796875 0.415625 0.1703125
3 0.728125 0.51796875 0.415625 0.140625
3 0.275 0.659375 0.415625 0.159375
3 0.728125 0.6609375 0.41875 0.125
3 0.275 0.83515625 0.415625 0.1640625
3 0.72890625 0.828125 0.4171875 0.1890625
4 0.27578125 0.10390625 0.4171875 0.05625
0 0.27578125 0.17578125 0.4171875 0.0890625
4 0.275 0.2640625 0.4140625 0.059375
0 0.275 0.340625 0.4140625 0.090625
4 0.275 0.41875 0.415625 0.046875
0 0.275 0.503125 0.415625 0.1234375
4 0.72734375 0.1375 0.4171875 0.1234375
0 0.72734375 0.24140625 0.4171875 0.08125
4 0.728125 0.32421875 0.4171875 0.0625
0 0.728125 0.39609375 0.4171875 0.0828125
4 0.728125 0.475 0.415625 0.05625
0 0.728125 0.546875 0.415625 0.0828125
4 0.275 0.6171875 0.415625 0.075
0 0.275 0.69921875 0.415625 0.08125
4 0.728125 0.6203125 0.41875 0.04375
0 0.728125 0.6828125 0.41875 0.0828125
4 0.72890625 0.7859375 0.4171875 0.1046875
0 0.72890625 0.87890625 0.4171875 0.0875
4 0.275 0.76953125 0.415625 0.0328125
0 0.275 0.85078125 0.415625 0.1328125