5 0.49609375 0.478125 0.8984375 0.8734375
3 0.49140625 0.228125 0.8984375 0.13125
3 0.49609375 0.37421875 0.8984375 0.140625
3 0.49609375 0.528125 0.8984375 0.1390625
3 0.5 0.83671875 0.8984375 0.1375
0 0.49140625 0.24140625 0.8984375 0.1046875
0 0.49609375 0.390625 0.8984375 0.1078125
0 0.49609375 0.53984375 0.8984375 0.115625
0 0.5 0.85 0.8984375 0.1109375
4 0.49140625 0.1765625 0.8984375 0.028125
4 0.49609375 0.3203125 0.8984375 0.0328125
4 0.49609375 0.46953125 0.8984375 0.021875
4 0.5 0.78046875 0.8984375 0.0234375
2 0.49609375 0.67890625 0.8984375 0.15625
2 0.49140625 0.0984375 0.8984375 0.115625