5 0.503125 0.54921875 0.7859375 0.6625
3 0.5015625 0.259375 0.7828125 0.0796875
3 0.50078125 0.334375 0.784375 0.0484375
3 0.50078125 0.3890625 0.784375 0.0515625
3 0.50078125 0.4578125 0.784375 0.0640625
3 0.50234375 0.525 0.7890625 0.0515625
3 0.5015625 0.578125 0.7859375 0.0421875
3 0.50078125 0.63828125 0.784375 0.065625
3 0.50078125 0.71015625 0.784375 0.059375
3 0.50234375 0.7796875 0.784375 0.059375
3 0.50234375 0.85 0.784375 0.0625
4 0.50234375 0.2390625 0.784375 0.0375
4 0.50078125 0.31796875 0.784375 0.015625
4 0.50078125 0.375 0.784375 0.025
4 0.49921875 0.4375 0.784375 0.0234375
4 0.50234375 0.5109375 0.7890625 0.0234375
4 0.50078125 0.5671875 0.784375 0.0203125
4 0.50078125 0.6171875 0.7890625 0.0265625
4 0.5015625 0.690625 0.7859375 0.021875
4 0.5015625 0.76640625 0.7859375 0.0359375
4 0.50234375 0.8375 0.7890625 0.034375
0 0.50078125 0.278125 0.784375 0.0421875
0 0.50078125 0.34375 0.784375 0.034375
0 0.5 0.40078125 0.7859375 0.028125
0 0.5 0.4703125 0.7796875 0.0390625
0 0.5015625 0.5359375 0.790625 0.028125
0 0.5 0.58984375 0.7859375 0.021875
0 0.50078125 0.65 0.7890625 0.0359375
0 0.5015625 0.721875 0.7828125 0.0390625
0 0.50078125 0.796875 0.7890625 0.0265625
0 0.50078125 0.8671875 0.784375 0.028125
2 0.4984375 0.18671875 0.7765625 0.0515625