5 0.25625 0.47734375 0.4828125 0.9234375
5 0.7484375 0.48125 0.4828125 0.9234375
3 0.25625 0.13203125 0.4828125 0.2328125
3 0.259375 0.33515625 0.4828125 0.15625
3 0.259375 0.60390625 0.4828125 0.1484375
3 0.259375 0.753125 0.4828125 0.14375
3 0.7453125 0.20390625 0.48125 0.11875
3 0.7453125 0.33046875 0.48125 0.1328125
3 0.7453125 0.478125 0.48125 0.14375
3 0.7453125 0.7 0.48125 0.1375
3 0.7453125 0.85390625 0.48125 0.146875
2 0.259375 0.471875 0.4828125 0.1125
2 0.259375 0.8796875 0.4828125 0.1078125
2 0.746875 0.58828125 0.4828125 0.0671875
2 0.75078125 0.09375 0.4828125 0.090625
0 0.25625 0.19453125 0.4828125 0.1078125
0 0.259375 0.36171875 0.4828125 0.103125
0 0.259375 0.63125 0.4828125 0.09375
0 0.259375 0.77734375 0.4828125 0.0953125
0 0.7453125 0.21796875 0.48125 0.090625
0 0.7453125 0.3484375 0.48125 0.0984375
0 0.7453125 0.49921875 0.48125 0.1
0 0.7453125 0.72265625 0.48125 0.0921875
0 0.7453125 0.87421875 0.48125 0.10625
4 0.25625 0.07734375 0.4828125 0.1234375
4 0.259375 0.284375 0.4828125 0.0546875
4 0.259375 0.55703125 0.4828125 0.0546875
4 0.259375 0.70546875 0.4828125 0.046875
4 0.7453125 0.159375 0.48125 0.03125
4 0.7484375 0.28125 0.4828125 0.0375
4 0.7453125 0.42734375 0.48125 0.0421875
4 0.7453125 0.6515625 0.48125 0.0421875
4 0.7453125 0.80078125 0.48125 0.040625