5 0.2984375 0.540625 0.378125 0.6828125
5 0.6984375 0.53984375 0.375 0.6875
3 0.2984375 0.24375 0.3765625 0.0890625
3 0.69921875 0.26328125 0.3765625 0.1328125
3 0.29765625 0.45390625 0.378125 0.3078125
3 0.6984375 0.43203125 0.3703125 0.1640625
3 0.69921875 0.62421875 0.3734375 0.159375
3 0.29765625 0.6875 0.378125 0.1375
3 0.2984375 0.82265625 0.3765625 0.1203125
3 0.6984375 0.80390625 0.375 0.15625
4 0.2984375 0.2171875 0.3765625 0.0390625
4 0.70078125 0.228125 0.3765625 0.065625
4 0.69765625 0.371875 0.36875 0.0453125
4 0.29765625 0.38359375 0.378125 0.165625
4 0.6984375 0.5609375 0.3671875 0.0296875
4 0.69921875 0.74765625 0.3734375 0.0421875
4 0.296875 0.640625 0.3765625 0.0421875
4 0.2984375 0.7828125 0.3765625 0.0421875
0 0.296875 0.26171875 0.378125 0.0515625
0 0.70078125 0.296875 0.375 0.06875
0 0.69765625 0.4546875 0.371875 0.115625
0 0.296875 0.53828125 0.378125 0.1390625
0 0.69765625 0.63984375 0.36875 0.1265625
0 0.296875 0.709375 0.3765625 0.09375
0 0.29921875 0.84375 0.375 0.078125
0 0.69921875 0.8265625 0.3734375 0.109375
2 0.4953125 0.1703125 0.775 0.0421875