5 0.475 0.5125 0.7796875 0.834375
3 0.475 0.271875 0.7796875 0.353125
4 0.475 0.271875 0.7796875 0.353125
3 0.475 0.4875 0.7796875 0.0828125
4 0.475 0.4875 0.7796875 0.0828125
3 0.475 0.56640625 0.7796875 0.0828125
4 0.475 0.56640625 0.7796875 0.0828125
3 0.475 0.64296875 0.7796875 0.0796875
4 0.475 0.64296875 0.7796875 0.0796875
3 0.475 0.72109375 0.7796875 0.0890625
4 0.475 0.72109375 0.7796875 0.0890625
3 0.475 0.80078125 0.7796875 0.0828125
4 0.475 0.80078125 0.7796875 0.0828125
3 0.475 0.8875 0.7796875 0.0828125
4 0.475 0.8859375 0.7796875 0.0828125