5 0.29140625 0.515625 0.4125 0.859375
5 0.70625 0.515625 0.3875 0.859375
3 0.29140625 0.13203125 0.4125 0.0921875
3 0.29140625 0.32890625 0.4125 0.303125
3 0.2890625 0.54609375 0.4125 0.13125
2 0.2890625 0.740625 0.4125 0.25
3 0.2890625 0.90546875 0.4125 0.06875
3 0.70625 0.125 0.3875 0.078125
3 0.70625 0.2140625 0.3875 0.0921875
2 0.70625 0.36484375 0.3875 0.203125
3 0.70625 0.54765625 0.3875 0.1546875
3 0.70625 0.70390625 0.3875 0.05
3 0.70625 0.76171875 0.3875 0.0625
3 0.70625 0.86796875 0.3875 0.15
4 0.29140625 0.1125 0.4125 0.053125
4 0.29140625 0.309375 0.4125 0.2640625
4 0.2890625 0.51171875 0.4125 0.0625
4 0.2890625 0.88671875 0.4125 0.03125
4 0.70625 0.19609375 0.3875 0.05625
4 0.70625 0.49453125 0.3875 0.046875
4 0.70625 0.63671875 0.3875 0.015625
4 0.70625 0.68828125 0.3875 0.0171875
4 0.70625 0.74453125 0.3875 0.028125
4 0.70625 0.84765625 0.3875 0.109375
4 0.70625 0.10859375 0.3875 0.0453125
0 0.29140625 0.159375 0.4125 0.0375
0 0.29140625 0.459375 0.4125 0.04375
0 0.70625 0.571875 0.3875 0.10625
3 0.70625 0.6515625 0.3875 0.04375
0 0.70625 0.6578125 0.3875 0.03125
0 0.70625 0.7109375 0.3875 0.0359375
0 0.70625 0.778125 0.3875 0.028125
0 0.70625 0.925 0.3875 0.0375
0 0.2890625 0.57890625 0.4125 0.0640625
0 0.70625 0.24140625 0.3875 0.0375
0 0.70625 0.14609375 0.3875 0.0359375
0 0.2890625 0.92109375 0.4125 0.0375