5 0.50078125 0.4796875 0.921875 0.8671875
3 0.4953125 0.10078125 0.915625 0.109375
4 0.496875 0.05390625 0.9078125 0.015625
0 0.49921875 0.10859375 0.925 0.0890625
3 0.49921875 0.22578125 0.91875 0.1078125
4 0.49921875 0.18359375 0.925 0.01875
0 0.49921875 0.234375 0.9140625 0.0875
3 0.50390625 0.3625 0.915625 0.1265625
4 0.49921875 0.3140625 0.925 0.0359375
0 0.49921875 0.38046875 0.91875 0.09375
3 0.49921875 0.55078125 0.925 0.2140625
4 0.49765625 0.50390625 0.9265625 0.128125
0 0.4953125 0.61640625 0.921875 0.0875
1 0.50078125 0.79140625 0.9109375 0.2265625