5 0.27109375 0.478125 0.4296875 0.7125
5 0.73046875 0.49921875 0.4296875 0.7625
3 0.27109375 0.615625 0.4296875 0.4375
3 0.73046875 0.71171875 0.4296875 0.3375
3 0.27109375 0.25859375 0.4296875 0.275
3 0.73046875 0.3265625 0.4296875 0.415625
0 0.27109375 0.29765625 0.4296875 0.1953125
4 0.27109375 0.16015625 0.4296875 0.078125
0 0.27109375 0.65 0.4296875 0.3671875
4 0.27109375 0.4328125 0.4296875 0.071875
0 0.73046875 0.3765625 0.4296875 0.3171875
4 0.73046875 0.16640625 0.4296875 0.096875
0 0.73046875 0.7546875 0.4296875 0.25
4 0.73046875 0.5859375 0.4296875 0.084375