5 0.29765625 0.52734375 0.415625 0.890625
5 0.71640625 0.53125 0.415625 0.890625
0 0.30234375 0.12734375 0.415625 0.090625
3 0.29765625 0.228125 0.415625 0.109375
3 0.30234375 0.12734375 0.415625 0.090625
0 0.29765625 0.246875 0.415625 0.071875
4 0.29765625 0.19140625 0.415625 0.0359375
3 0.71640625 0.35703125 0.415625 0.1421875
3 0.7109375 0.4859375 0.415625 0.109375
3 0.7109375 0.609375 0.415625 0.1421875
3 0.7109375 0.74375 0.415625 0.13125
3 0.70859375 0.87265625 0.415625 0.13125
0 0.71640625 0.37578125 0.415625 0.1046875
0 0.7109375 0.49765625 0.415625 0.0859375
0 0.7109375 0.62890625 0.415625 0.103125
0 0.7109375 0.771875 0.415625 0.075
0 0.70859375 0.89296875 0.415625 0.090625
4 0.71640625 0.30703125 0.415625 0.040625
4 0.7109375 0.4421875 0.415625 0.0203125
4 0.7109375 0.55703125 0.415625 0.0375
4 0.7109375 0.7078125 0.415625 0.0578125
4 0.70859375 0.82734375 0.415625 0.0390625
2 0.29765625 0.62578125 0.415625 0.6921875
2 0.71640625 0.1890625 0.415625 0.20625