5 0.3046875 0.5109375 0.4125 0.8578125
5 0.71640625 0.50703125 0.4125 0.8578125
3 0.3046875 0.17421875 0.4125 0.184375
3 0.3046875 0.31171875 0.4125 0.0875
3 0.3046875 0.41640625 0.4125 0.1171875
3 0.3046875 0.64609375 0.4125 0.3359375
3 0.3046875 0.878125 0.4125 0.115625
3 0.71640625 0.13671875 0.4125 0.1171875
3 0.71640625 0.2421875 0.4125 0.09375
3 0.71640625 0.36328125 0.4125 0.140625
3 0.71640625 0.48828125 0.4125 0.109375
2 0.71640625 0.7390625 0.4125 0.3859375
4 0.3046875 0.15390625 0.4125 0.1453125
4 0.3046875 0.29296875 0.4125 0.0515625
4 0.3046875 0.3828125 0.4125 0.0515625
4 0.3046875 0.60703125 0.4125 0.2578125
4 0.3046875 0.84453125 0.4125 0.05
4 0.71640625 0.11640625 0.4125 0.0765625
4 0.71640625 0.22421875 0.4125 0.059375
4 0.71640625 0.30078125 0.4125 0.015625
0 0.71640625 0.37265625 0.4125 0.121875
4 0.71640625 0.45 0.4125 0.034375
0 0.71640625 0.50390625 0.4125 0.078125
0 0.71640625 0.271875 0.4125 0.0359375
0 0.71640625 0.17578125 0.4125 0.0390625
0 0.3046875 0.9015625 0.4125 0.06875
0 0.3046875 0.77734375 0.4125 0.075
0 0.3046875 0.44140625 0.4125 0.0671875
0 0.3046875 0.3390625 0.4125 0.034375
0 0.3046875 0.246875 0.4125 0.0375