5 0.4875 0.50390625 0.86875 0.80625
3 0.4875 0.15 0.86875 0.0984375
3 0.4875 0.2390625 0.86875 0.078125
3 0.4875 0.31640625 0.86875 0.06875
3 0.4921875 0.39296875 0.86875 0.0765625
3 0.4875 0.4828125 0.86875 0.10625
3 0.4875 0.57421875 0.86875 0.0796875
3 0.4875 0.6765625 0.86875 0.103125
3 0.4875 0.7671875 0.86875 0.071875
3 0.4875 0.8453125 0.86875 0.0828125
4 0.4875 0.15 0.86875 0.0984375
4 0.4875 0.2390625 0.86875 0.078125
4 0.4875 0.31640625 0.86875 0.06875
4 0.4921875 0.39296875 0.86875 0.0765625
4 0.4875 0.4828125 0.86875 0.10625
4 0.4875 0.57421875 0.86875 0.0796875
4 0.4875 0.6765625 0.86875 0.103125
4 0.4875 0.7671875 0.86875 0.071875
4 0.4875 0.8453125 0.86875 0.0828125