5 0.30234375 0.45859375 0.4609375 0.8296875
5 0.7375 0.45859375 0.4109375 0.8296875
3 0.30234375 0.2390625 0.4609375 0.390625
4 0.30234375 0.14609375 0.4609375 0.20625
0 0.30234375 0.34140625 0.4609375 0.1890625
3 0.30234375 0.52890625 0.4609375 0.1953125
4 0.30234375 0.4578125 0.4609375 0.053125
0 0.30234375 0.55390625 0.4609375 0.1453125
3 0.30234375 0.7359375 0.4609375 0.2265625
4 0.30234375 0.6921875 0.4609375 0.1390625
0 0.30234375 0.8046875 0.4609375 0.0875
3 0.7375 0.2875 0.4109375 0.4875
4 0.7375 0.0828125 0.4109375 0.0796875
0 0.7375 0.3296875 0.4109375 0.4109375
0 0.7375 0.6890625 0.4109375 0.315625
0 0.7375 0.79375 0.4109375 0.10625
4 0.7375 0.63671875 0.4109375 0.2078125