5 0.5015625 0.47578125 0.8984375 0.875
0 0.5015625 0.1140625 0.8984375 0.1453125
0 0.5015625 0.28671875 0.8984375 0.178125
0 0.5015625 0.453125 0.8984375 0.1515625
0 0.5015625 0.62734375 0.8984375 0.171875
0 0.5015625 0.81328125 0.8984375 0.1765625
0 0.5015625 0.13671875 0.8984375 0.1015625
0 0.5015625 0.3203125 0.8984375 0.1109375
0 0.5015625 0.4765625 0.8984375 0.1046875
0 0.5015625 0.66015625 0.8984375 0.10625
0 0.5015625 0.85 0.8984375 0.103125
4 0.5015625 0.06328125 0.8984375 0.0453125
4 0.5015625 0.23125 0.8984375 0.0671875
4 0.5015625 0.4015625 0.8984375 0.046875
4 0.5015625 0.57421875 0.8984375 0.065625
4 0.5015625 0.76328125 0.8984375 0.071875