5 0.3046875 0.4890625 0.3765625 0.76875
5 0.7 0.48984375 0.378125 0.7703125
3 0.30390625 0.16640625 0.375 0.1234375
3 0.7 0.17734375 0.3796875 0.1453125
3 0.3046875 0.32578125 0.3765625 0.1734375
3 0.6984375 0.34765625 0.3765625 0.1640625
3 0.303125 0.546875 0.3734375 0.2421875
3 0.69921875 0.56953125 0.378125 0.228125
3 0.7 0.790625 0.3796875 0.16875
3 0.30390625 0.78203125 0.375 0.1828125
4 0.30390625 0.1265625 0.375 0.04375
0 0.30390625 0.1890625 0.375 0.078125
4 0.3046875 0.25078125 0.3765625 0.021875
0 0.3046875 0.3375 0.3765625 0.1484375
4 0.7 0.12578125 0.3796875 0.040625
0 0.7 0.19765625 0.3796875 0.1046875
4 0.6984375 0.2953125 0.3765625 0.059375
0 0.6984375 0.378125 0.3765625 0.1015625
4 0.303125 0.4578125 0.3734375 0.0625
0 0.303125 0.578125 0.3734375 0.178125
4 0.69921875 0.48515625 0.378125 0.0609375
0 0.69921875 0.6 0.378125 0.1671875
4 0.30390625 0.7109375 0.375 0.040625
0 0.30390625 0.80234375 0.375 0.1421875
4 0.7 0.73671875 0.3796875 0.0625
0 0.7 0.821875 0.3796875 0.10625