5 0.2921875 0.42578125 0.4171875 0.6953125
5 0.715625 0.4296875 0.4171875 0.6953125
3 0.2921875 0.12421875 0.4171875 0.09375
3 0.2921875 0.21328125 0.4171875 0.0796875
3 0.715625 0.24453125 0.4171875 0.134375
3 0.715625 0.3765625 0.4171875 0.134375
3 0.715625 0.4828125 0.4171875 0.08125
3 0.715625 0.5765625 0.4171875 0.0984375
3 0.715625 0.67578125 0.4171875 0.1015625
2 0.2921875 0.51328125 0.4171875 0.5203125
2 0.715625 0.12890625 0.4171875 0.09375
0 0.2921875 0.15234375 0.4171875 0.0390625
0 0.2921875 0.23515625 0.4171875 0.0375
0 0.715625 0.29296875 0.4171875 0.0375
0 0.715625 0.38671875 0.4171875 0.115625
0 0.715625 0.48984375 0.4171875 0.0671875
4 0.715625 0.5921875 0.4171875 0.0671875
4 0.715625 0.69375 0.4171875 0.065625
4 0.2921875 0.1046875 0.4171875 0.0546875
4 0.2921875 0.1953125 0.4171875 0.04375
4 0.715625 0.22734375 0.4171875 0.096875
4 0.715625 0.3203125 0.4171875 0.021875
4 0.715625 0.44921875 0.4171875 0.0140625
4 0.715625 0.54140625 0.4171875 0.028125
0 0.715625 0.6421875 0.4171875 0.034375