5 0.30625 0.50390625 0.41875 0.8546875
5 0.715625 0.51015625 0.4109375 0.8546875
3 0.30625 0.1515625 0.41875 0.0671875
4 0.30625 0.1328125 0.41875 0.034375
0 0.30625 0.16484375 0.41875 0.0390625
3 0.30625 0.2328125 0.41875 0.0953125
4 0.30625 0.2 0.41875 0.03125
0 0.30625 0.24375 0.41875 0.0640625
3 0.30625 0.3359375 0.41875 0.1125
4 0.30625 0.31640625 0.41875 0.08125
0 0.30625 0.371875 0.41875 0.034375
3 0.30625 0.4453125 0.41875 0.109375
4 0.30625 0.43046875 0.41875 0.0859375
0 0.30625 0.48671875 0.41875 0.03125
3 0.30625 0.553125 0.41875 0.0984375
4 0.30625 0.53515625 0.41875 0.0671875
0 0.30625 0.5859375 0.41875 0.0359375
3 0.30625 0.65859375 0.41875 0.1140625
4 0.30625 0.62421875 0.41875 0.0453125
0 0.3078125 0.68046875 0.4171875 0.0703125
3 0.30625 0.77734375 0.41875 0.1265625
4 0.30625 0.778125 0.41875 0.1203125
0 0.30625 0.8890625 0.41875 0.1015625
3 0.72265625 0.12421875 0.4078125 0.0953125
4 0.72265625 0.09140625 0.4078125 0.0296875
0 0.72265625 0.13671875 0.4078125 0.0671875
3 0.72265625 0.23359375 0.4078125 0.1359375
4 0.72265625 0.21875 0.4078125 0.0984375
0 0.72265625 0.28515625 0.4078125 0.0390625
3 0.72265625 0.3375 0.4078125 0.06875
4 0.72265625 0.3171875 0.4078125 0.034375
0 0.72265625 0.3546875 0.4078125 0.034375
3 0.72265625 0.40703125 0.4078125 0.0703125
4 0.72265625 0.3859375 0.4078125 0.0375
0 0.72265625 0.42109375 0.4078125 0.034375
3 0.72265625 0.475 0.4078125 0.090625
4 0.72265625 0.46328125 0.4078125 0.0484375
0 0.72734375 0.503125 0.4078125 0.0359375
2 0.72265625 0.7328125 0.4078125 0.4109375