5 0.48671875 0.5046875 0.8515625 0.86875
3 0.48671875 0.1609375 0.8515625 0.1828125
3 0.48671875 0.33984375 0.8515625 0.153125
3 0.48671875 0.4984375 0.8515625 0.140625
3 0.48671875 0.64609375 0.8515625 0.1328125
3 0.48671875 0.8109375 0.8515625 0.1640625
4 0.48671875 0.109375 0.8515625 0.078125
4 0.48671875 0.28515625 0.8515625 0.04375
4 0.48359375 0.44765625 0.8515625 0.04375
4 0.48359375 0.59296875 0.8515625 0.0203125
4 0.48671875 0.746875 0.8515625 0.0359375
0 0.48671875 0.2015625 0.8515625 0.1015625
0 0.48671875 0.36015625 0.8515625 0.1125
0 0.48671875 0.5171875 0.8515625 0.1015625
0 0.48671875 0.6578125 0.8515625 0.109375
0 0.48671875 0.82890625 0.8515625 0.1265625