5 0.2703125 0.49375 0.4078125 0.853125
5 0.7203125 0.496875 0.4109375 0.8515625
3 0.26796875 0.1609375 0.4046875 0.1859375
3 0.2703125 0.43515625 0.40625 0.34375
3 0.71953125 0.159375 0.409375 0.175
3 0.7203125 0.3453125 0.4109375 0.1796875
3 0.71953125 0.5109375 0.409375 0.121875
3 0.71953125 0.6359375 0.409375 0.109375
3 0.26796875 0.76640625 0.40625 0.309375
3 0.71796875 0.75625 0.409375 0.1171875
3 0.71875 0.87109375 0.4109375 0.1
4 0.2703125 0.1375 0.40625 0.140625
4 0.71953125 0.11953125 0.40625 0.096875
4 0.7171875 0.609375 0.40625 0.059375
4 0.71953125 0.4859375 0.40625 0.0703125
4 0.71953125 0.296875 0.40625 0.0796875
4 0.26796875 0.39296875 0.40625 0.259375
4 0.71953125 0.84921875 0.40625 0.0546875
4 0.7171875 0.7328125 0.40625 0.0703125
4 0.26796875 0.621875 0.40625 0.01875
0 0.26953125 0.23125 0.4046875 0.04375
0 0.72109375 0.20625 0.409375 0.078125
0 0.71953125 0.3859375 0.40625 0.096875
0 0.7171875 0.54765625 0.40625 0.05
0 0.26953125 0.56328125 0.4046875 0.078125
0 0.71953125 0.66484375 0.40625 0.0515625
0 0.26796875 0.778125 0.40625 0.2875
0 0.7171875 0.7921875 0.40625 0.046875
0 0.7171875 0.89765625 0.40625 0.046875