5 0.49140625 0.47421875 0.9140625 0.8578125
3 0.50078125 0.11328125 0.915625 0.1359375
4 0.50078125 0.0703125 0.915625 0.05
0 0.50390625 0.14140625 0.915625 0.0828125
3 0.49375 0.271875 0.91875 0.1421875
4 0.49140625 0.225 0.91875 0.05625
0 0.50078125 0.296875 0.921875 0.0875
3 0.49921875 0.4171875 0.9140625 0.1203125
4 0.49921875 0.378125 0.925 0.0390625
0 0.49921875 0.434375 0.9140625 0.08125
3 0.4953125 0.5578125 0.921875 0.1203125
4 0.49765625 0.51875 0.9375 0.034375
0 0.49765625 0.578125 0.9265625 0.08125
3 0.49375 0.734375 0.9140625 0.1
3 0.49765625 0.85234375 0.9109375 0.1125
4 0.49375 0.734375 0.9140625 0.1
4 0.49765625 0.85234375 0.9109375 0.1125
3 0.49765625 0.6578125 0.915625 0.0421875
4 0.49765625 0.6578125 0.915625 0.0421875