5 0.49375 0.47265625 0.9078125 0.8640625
4 0.5046875 0.06015625 0.9140625 0.05
3 0.49921875 0.11015625 0.925 0.1453125
0 0.49921875 0.1328125 0.9140625 0.1
3 0.49765625 0.24375 0.9265625 0.10625
3 0.50390625 0.38671875 0.9109375 0.14375
3 0.49765625 0.53515625 0.915625 0.125
3 0.496875 0.678125 0.9140625 0.128125
3 0.49765625 0.8359375 0.9265625 0.153125
4 0.49921875 0.1984375 0.91875 0.015625
0 0.49765625 0.253125 0.9265625 0.0921875
4 0.50078125 0.3421875 0.915625 0.0453125
0 0.5078125 0.4140625 0.9140625 0.09375
4 0.50078125 0.49296875 0.9265625 0.0359375
0 0.50234375 0.55625 0.9296875 0.0828125
4 0.50625 0.63515625 0.9109375 0.025
0 0.49375 0.69609375 0.9078125 0.09375
4 0.49921875 0.78359375 0.9140625 0.053125
0 0.50390625 0.8578125 0.9328125 0.1015625