5 0.3 0.49296875 0.3796875 0.775
5 0.69921875 0.49375 0.378125 0.7765625
3 0.2984375 0.17265625 0.3796875 0.1359375
3 0.6984375 0.2109375 0.378125 0.2109375
3 0.2984375 0.3578125 0.3796875 0.190625
3 0.6984375 0.43046875 0.378125 0.1734375
3 0.69921875 0.62578125 0.3765625 0.1609375
3 0.2984375 0.56796875 0.3796875 0.18125
3 0.29921875 0.778125 0.38125 0.2046875
3 0.69921875 0.80625 0.3796875 0.1484375
4 0.2984375 0.14140625 0.3796875 0.0734375
0 0.2984375 0.21171875 0.3796875 0.059375
4 0.6984375 0.1171875 0.378125 0.021875
0 0.6984375 0.22265625 0.378125 0.1875
4 0.2984375 0.2984375 0.3796875 0.071875
0 0.2984375 0.39609375 0.3796875 0.1140625
4 0.6984375 0.37578125 0.378125 0.0640625
0 0.6984375 0.46328125 0.378125 0.10625
4 0.2984375 0.50078125 0.3796875 0.046875
0 0.2984375 0.590625 0.3796875 0.1359375
4 0.69921875 0.56796875 0.3765625 0.04375
0 0.69921875 0.6484375 0.3765625 0.115625
4 0.29921875 0.72734375 0.38125 0.103125
0 0.29921875 0.828125 0.38125 0.103125
4 0.69921875 0.75546875 0.3796875 0.0484375
0 0.69921875 0.83046875 0.3796875 0.1015625