5 0.26484375 0.52265625 0.490625 0.8953125
5 0.72734375 0.521875 0.4375 0.890625
3 0.26484375 0.115625 0.490625 0.0890625
3 0.2625 0.2046875 0.490625 0.090625
3 0.26484375 0.5578125 0.490625 0.109375
3 0.26484375 0.87421875 0.490625 0.1390625
3 0.72734375 0.20703125 0.4375 0.25
2 0.72734375 0.45234375 0.4375 0.2375
3 0.72734375 0.6890625 0.4375 0.228125
3 0.7296875 0.87265625 0.4375 0.134375
3 0.2671875 0.29453125 0.490625 0.0875
3 0.2625 0.41875 0.490625 0.171875
3 0.2671875 0.71015625 0.490625 0.190625
0 0.26484375 0.140625 0.490625 0.0390625
0 0.2625 0.23046875 0.490625 0.0390625
0 0.26484375 0.59375 0.490625 0.0375
0 0.26484375 0.90390625 0.490625 0.0796875
0 0.72734375 0.30703125 0.4375 0.05
0 0.72734375 0.784375 0.4375 0.0359375
0 0.7296875 0.92265625 0.4375 0.0328125
0 0.2671875 0.31484375 0.490625 0.046875
0 0.2625 0.48359375 0.490625 0.040625
0 0.2671875 0.784375 0.490625 0.0421875
4 0.26484375 0.0953125 0.490625 0.0484375
4 0.2625 0.18515625 0.490625 0.053125
4 0.26484375 0.5390625 0.490625 0.0734375
4 0.26484375 0.83359375 0.490625 0.05625
4 0.72734375 0.18125 0.4375 0.1984375
4 0.72734375 0.671875 0.4375 0.1921875
4 0.7296875 0.85546875 0.4375 0.1
4 0.26484375 0.2640625 0.490625 0.0390625
4 0.26015625 0.39453125 0.490625 0.134375
4 0.26484375 0.684375 0.490625 0.1515625