5 0.28828125 0.46015625 0.3953125 0.765625
5 0.71171875 0.4640625 0.3953125 0.765625
3 0.2859375 0.178125 0.396875 0.203125
3 0.71015625 0.22890625 0.390625 0.2921875
3 0.2859375 0.41015625 0.39375 0.234375
3 0.7109375 0.61875 0.396875 0.4578125
3 0.28671875 0.69296875 0.3953125 0.296875
4 0.28671875 0.64921875 0.3953125 0.2109375
4 0.7109375 0.55546875 0.396875 0.3328125
4 0.7109375 0.103125 0.39375 0.04375
4 0.2859375 0.10625 0.396875 0.0625
4 0.28671875 0.35703125 0.3953125 0.1265625
0 0.28515625 0.209375 0.3953125 0.140625
0 0.71015625 0.2515625 0.3953125 0.2484375
0 0.2859375 0.4734375 0.39375 0.103125
0 0.28671875 0.79921875 0.3921875 0.0875
0 0.709375 0.7859375 0.396875 0.121875