5 0.29375 0.46171875 0.39375 0.771875
5 0.71328125 0.4640625 0.3953125 0.771875
3 0.29375 0.14765625 0.3921875 0.14375
3 0.7140625 0.1546875 0.3953125 0.153125
3 0.29296875 0.321875 0.39375 0.1734375
3 0.7125 0.3546875 0.3953125 0.2015625
3 0.29296875 0.54765625 0.39375 0.2265625
3 0.7125 0.56953125 0.3953125 0.178125
3 0.29375 0.76171875 0.39375 0.1734375
3 0.71328125 0.7609375 0.3921875 0.1734375
4 0.29375 0.096875 0.3921875 0.04375
4 0.7125 0.09921875 0.3953125 0.04375
4 0.2921875 0.25546875 0.3953125 0.04375
4 0.7125 0.29609375 0.3984375 0.0859375
4 0.29375 0.45234375 0.3921875 0.0390625
4 0.7125 0.5109375 0.3984375 0.0609375
4 0.29296875 0.69765625 0.396875 0.0484375
4 0.71328125 0.70859375 0.390625 0.0671875
0 0.29453125 0.16875 0.3921875 0.0984375
0 0.7125 0.17734375 0.3921875 0.1078125
0 0.2953125 0.3421875 0.3953125 0.1296875
0 0.7109375 0.39765625 0.3953125 0.115625
0 0.29140625 0.5671875 0.390625 0.1859375
0 0.7125 0.6 0.396875 0.1140625
0 0.2921875 0.7859375 0.3953125 0.1234375
0 0.71171875 0.79609375 0.39375 0.1046875