5 0.2921875 0.45625 0.4046875 0.784375
5 0.70234375 0.45625 0.3828125 0.78125
3 0.29140625 0.115625 0.4046875 0.10625
3 0.290625 0.22890625 0.403125 0.10625
3 0.29140625 0.42421875 0.4046875 0.2671875
3 0.29140625 0.63984375 0.4015625 0.1359375
3 0.2921875 0.78359375 0.403125 0.1296875
3 0.70234375 0.1234375 0.384375 0.115625
3 0.70234375 0.275 0.3828125 0.1671875
3 0.70234375 0.4328125 0.384375 0.1109375
3 0.70234375 0.59375 0.3828125 0.1765625
3 0.70234375 0.771875 0.3828125 0.1484375
4 0.29140625 0.08359375 0.4046875 0.0421875
4 0.290625 0.19375 0.403125 0.0375
4 0.29140625 0.375 0.4046875 0.16875
4 0.290625 0.60703125 0.403125 0.06875
4 0.2921875 0.7375 0.403125 0.0359375
4 0.70234375 0.08515625 0.3875 0.0390625
4 0.703125 0.2390625 0.384375 0.0953125
4 0.70234375 0.39453125 0.3828125 0.034375
4 0.70234375 0.53125 0.3828125 0.0515625
4 0.70234375 0.7328125 0.3828125 0.071875
0 0.2921875 0.13671875 0.403125 0.0640625
0 0.290625 0.24765625 0.403125 0.0671875
0 0.70234375 0.14296875 0.3828125 0.075
0 0.29140625 0.509375 0.4046875 0.0984375
0 0.7015625 0.45 0.384375 0.0765625
0 0.290625 0.67421875 0.403125 0.06875
0 0.70234375 0.61953125 0.3828125 0.125
0 0.2921875 0.8015625 0.403125 0.09375
0 0.70234375 0.80703125 0.3828125 0.0765625