5 0.49375 0.47578125 0.9078125 0.890625
3 0.49921875 0.20546875 0.9140625 0.128125
4 0.4953125 0.15703125 0.915625 0.021875
0 0.50078125 0.21796875 0.915625 0.1046875
3 0.49921875 0.37421875 0.91875 0.18125
3 0.49921875 0.54765625 0.925 0.125
3 0.5046875 0.6859375 0.91875 0.121875
3 0.49921875 0.83359375 0.925 0.1421875
4 0.50078125 0.32578125 0.921875 0.078125
0 0.50234375 0.41484375 0.91875 0.1
4 0.50234375 0.50078125 0.9140625 0.0234375
0 0.49765625 0.5578125 0.921875 0.0984375
4 0.49921875 0.6375 0.915625 0.0234375
0 0.50078125 0.696875 0.921875 0.0984375
4 0.50234375 0.78828125 0.925 0.0375
0 0.496875 0.85703125 0.9296875 0.0953125
2 0.4953125 0.08828125 0.915625 0.1015625