5 0.303125 0.47109375 0.415625 0.79375
5 0.74375 0.47890625 0.4296875 0.7859375
2 0.3109375 0.65078125 0.44375 0.4421875
3 0.74375 0.2640625 0.4296875 0.3578125
3 0.74609375 0.73671875 0.425 0.2625
2 0.74609375 0.5203125 0.425 0.159375
3 0.30703125 0.2515625 0.4296875 0.3578125
0 0.74375 0.30703125 0.4296875 0.271875
0 0.74609375 0.7578125 0.425 0.21875
0 0.30703125 0.296875 0.4296875 0.265625
4 0.74375 0.12734375 0.4296875 0.0828125
4 0.74609375 0.628125 0.425 0.0453125
4 0.30703125 0.11953125 0.4296875 0.09375