5 0.5015625 0.47421875 0.9171875 0.865625
3 0.49375 0.22265625 0.91875 0.1390625
4 0.49375 0.1703125 0.9140625 0.040625
0 0.496875 0.24296875 0.9140625 0.0953125
3 0.50078125 0.38046875 0.915625 0.134375
4 0.49765625 0.3296875 0.915625 0.0453125
0 0.49765625 0.4015625 0.921875 0.1015625
3 0.49765625 0.52578125 0.921875 0.11875
4 0.496875 0.4796875 0.91875 0.025
0 0.49921875 0.53828125 0.9078125 0.1015625
3 0.49765625 0.67578125 0.921875 0.1515625
4 0.4953125 0.62265625 0.915625 0.0421875
0 0.49921875 0.69375 0.91875 0.1015625
3 0.4953125 0.83203125 0.9109375 0.1453125
4 0.37421875 0.78359375 0.66875 0.0359375
0 0.49375 0.8515625 0.91875 0.11875
2 0.49375 0.11953125 0.9140625 0.0640625