5 0.2921875 0.45234375 0.3875 0.784375
5 0.7171875 0.453125 0.378125 0.7859375
3 0.29140625 0.246875 0.3828125 0.375
3 0.71640625 0.1359375 0.3796875 0.1546875
3 0.71640625 0.296875 0.3796875 0.1640625
3 0.715625 0.43671875 0.378125 0.1171875
3 0.715625 0.67265625 0.378125 0.3453125
3 0.29140625 0.5046875 0.3875 0.1359375
3 0.29140625 0.65625 0.3875 0.159375
3 0.29140625 0.7921875 0.3875 0.1015625
4 0.29140625 0.2015625 0.3875 0.2828125
4 0.2890625 0.45390625 0.3859375 0.034375
4 0.7171875 0.10234375 0.378125 0.0890625
4 0.7171875 0.26484375 0.38125 0.1
4 0.71484375 0.4203125 0.3796875 0.0828125
4 0.290625 0.60703125 0.3890625 0.059375
4 0.71484375 0.625 0.3796875 0.253125
4 0.29140625 0.778125 0.3875 0.0765625
0 0.715625 0.1796875 0.38125 0.0640625
0 0.2921875 0.38515625 0.3859375 0.0875
0 0.71484375 0.34609375 0.3796875 0.0640625
0 0.71484375 0.47890625 0.3796875 0.034375
0 0.715625 0.79921875 0.378125 0.09375
0 0.28984375 0.5234375 0.3875 0.103125
0 0.29140625 0.68828125 0.3875 0.0984375
0 0.29140625 0.8296875 0.3875 0.0265625