5 0.51484375 0.49921875 0.9703125 0.8359375
3 0.27734375 0.5 0.4953125 0.8359375
3 0.76640625 0.49921875 0.4671875 0.8359375
3 0.27734375 0.253125 0.4953125 0.3421875
3 0.27734375 0.53671875 0.4953125 0.234375
3 0.76640625 0.240625 0.4671875 0.31875
3 0.76640625 0.50703125 0.4671875 0.2140625
3 0.76640625 0.76484375 0.4671875 0.2953125
3 0.27734375 0.78125 0.4953125 0.25
4 0.27734375 0.16015625 0.4953125 0.15625
4 0.76640625 0.1796875 0.4671875 0.196875
4 0.27734375 0.4875 0.4953125 0.1359375
4 0.76640625 0.45390625 0.4671875 0.1078125
4 0.27734375 0.69921875 0.4953125 0.0859375
4 0.76640625 0.69140625 0.4671875 0.1484375
0 0.27734375 0.33046875 0.4953125 0.1875
0 0.76640625 0.340625 0.4671875 0.11875
0 0.76640625 0.5609375 0.4671875 0.109375
0 0.27734375 0.603125 0.4953125 0.1015625
0 0.27734375 0.825 0.4953125 0.1625
0 0.76640625 0.81953125 0.4671875 0.1109375