5 0.28359375 0.49609375 0.4375 0.853125
5 0.72890625 0.4984375 0.4265625 0.853125
3 0.28203125 0.165625 0.4359375 0.190625
3 0.28203125 0.36875 0.4359375 0.1765625
3 0.72890625 0.13828125 0.4265625 0.128125
3 0.73046875 0.38515625 0.4296875 0.315625
3 0.28203125 0.5234375 0.4359375 0.1171875
3 0.28203125 0.66484375 0.4359375 0.1296875
3 0.28203125 0.83828125 0.4359375 0.171875
3 0.72734375 0.66171875 0.4234375 0.1828125
3 0.72890625 0.85078125 0.4265625 0.1453125
4 0.284375 0.09375 0.4359375 0.04375
4 0.28359375 0.31796875 0.43125 0.0765625
4 0.28203125 0.4765625 0.4296875 0.028125
4 0.2859375 0.61796875 0.4265625 0.0375
4 0.728125 0.6109375 0.425 0.078125
4 0.72734375 0.33515625 0.4234375 0.2203125
4 0.73046875 0.0890625 0.41875 0.028125
4 0.73203125 0.79921875 0.4265625 0.046875
4 0.28203125 0.78828125 0.4359375 0.075
0 0.28203125 0.190625 0.4359375 0.14375
0 0.28359375 0.4046875 0.43125 0.0890625
0 0.28203125 0.5359375 0.4359375 0.0921875
0 0.73046875 0.496875 0.4296875 0.0953125
0 0.72734375 0.15390625 0.4234375 0.0984375
0 0.72890625 0.70390625 0.421875 0.0984375
0 0.72890625 0.8734375 0.4265625 0.0984375
0 0.28203125 0.68515625 0.4359375 0.0890625
0 0.28203125 0.87265625 0.4359375 0.1