5 0.490625 0.4859375 0.7890625 0.78125
4 0.48984375 0.1109375 0.790625 0.03125
4 0.490625 0.1734375 0.7890625 0.0234375
4 0.48984375 0.2875 0.790625 0.0234375
4 0.48984375 0.3640625 0.790625 0.0234375
4 0.490625 0.43984375 0.7921875 0.0234375
4 0.49140625 0.51796875 0.7859375 0.0203125
3 0.490625 0.6609375 0.7890625 0.0765625
3 0.490625 0.74609375 0.7890625 0.0921875
3 0.4890625 0.83359375 0.7890625 0.0875
0 0.48984375 0.85390625 0.790625 0.0453125
0 0.4890625 0.76328125 0.7890625 0.0515625
0 0.4890625 0.67265625 0.7890625 0.053125
0 0.4890625 0.5734375 0.7890625 0.09375
0 0.490625 0.4796875 0.7875 0.05625
0 0.48984375 0.40234375 0.7859375 0.05
0 0.48984375 0.32421875 0.7890625 0.05
0 0.48984375 0.23125 0.790625 0.0890625
0 0.48984375 0.14453125 0.7859375 0.034375
3 0.48984375 0.128125 0.7890625 0.0640625
3 0.48984375 0.21796875 0.7890625 0.1140625
3 0.4890625 0.31328125 0.790625 0.075
3 0.48828125 0.38828125 0.7890625 0.0734375
3 0.48828125 0.46640625 0.7875 0.078125
3 0.48984375 0.5625 0.790625 0.1109375