5 0.284375 0.51328125 0.4328125 0.8828125
5 0.7140625 0.51328125 0.4109375 0.8828125
3 0.284375 0.11328125 0.4328125 0.0828125
3 0.284375 0.184375 0.4328125 0.0609375
3 0.284375 0.253125 0.428125 0.0796875
3 0.284375 0.3296875 0.4328125 0.0703125
3 0.284375 0.4140625 0.4328125 0.0984375
3 0.284375 0.4984375 0.4328125 0.0703125
3 0.284375 0.56640625 0.4328125 0.059375
3 0.284375 0.63203125 0.4328125 0.071875
3 0.284375 0.72578125 0.4328125 0.1125
3 0.284375 0.82109375 0.4328125 0.071875
3 0.284375 0.90234375 0.4328125 0.0859375
3 0.71328125 0.1140625 0.409375 0.0796875
3 0.71328125 0.190625 0.409375 0.06875
3 0.71328125 0.2796875 0.409375 0.1015625
3 0.71328125 0.3953125 0.409375 0.1234375
3 0.71328125 0.5171875 0.409375 0.121875
3 0.71328125 0.67265625 0.409375 0.1828125
3 0.71328125 0.81953125 0.409375 0.1046875
3 0.71328125 0.91328125 0.409375 0.071875
4 0.284375 0.09609375 0.4328125 0.046875
4 0.284375 0.1671875 0.4328125 0.025
4 0.71328125 0.88515625 0.409375 0.015625
4 0.71328125 0.77578125 0.409375 0.015625
4 0.71328125 0.6046875 0.409375 0.04375
4 0.71015625 0.484375 0.409375 0.04375
4 0.71328125 0.35078125 0.409375 0.034375
4 0.71328125 0.2625 0.409375 0.06875
4 0.71328125 0.17421875 0.409375 0.0359375
4 0.71328125 0.09609375 0.409375 0.04375
4 0.284375 0.87734375 0.4328125 0.0359375
4 0.284375 0.8 0.4328125 0.028125
4 0.284375 0.690625 0.4328125 0.0421875
4 0.284375 0.6109375 0.4328125 0.03125
4 0.284375 0.546875 0.4328125 0.0203125
4 0.284375 0.478125 0.4328125 0.03125
4 0.284375 0.39296875 0.4328125 0.0546875
4 0.284375 0.31171875 0.4328125 0.034375
4 0.284375 0.234375 0.428125 0.04375
0 0.284375 0.1359375 0.4328125 0.0375
0 0.284375 0.19609375 0.4328125 0.0375
0 0.284375 0.27265625 0.428125 0.0421875
0 0.284375 0.34765625 0.4328125 0.0359375
0 0.284375 0.44140625 0.4328125 0.04375
0 0.284375 0.51328125 0.4328125 0.0390625
0 0.284375 0.57578125 0.4328125 0.0390625
0 0.284375 0.6484375 0.4328125 0.0390625
0 0.284375 0.7453125 0.4328125 0.071875
0 0.284375 0.83671875 0.4328125 0.0421875
0 0.284375 0.91875 0.4328125 0.053125
0 0.71328125 0.13671875 0.409375 0.0359375
0 0.71328125 0.20703125 0.409375 0.0359375
0 0.71328125 0.31171875 0.409375 0.0375
0 0.71328125 0.4125 0.409375 0.090625
0 0.71328125 0.5421875 0.409375 0.071875
0 0.71328125 0.6953125 0.409375 0.1375
0 0.71328125 0.82890625 0.409375 0.084375
0 0.71328125 0.92109375 0.409375 0.05625