5 0.29453125 0.5109375 0.4171875 0.878125
5 0.71171875 0.5109375 0.4078125 0.878125
3 0.29453125 0.16640625 0.4171875 0.1875
3 0.29453125 0.3234375 0.4171875 0.1203125
3 0.29453125 0.4296875 0.4171875 0.0859375
3 0.29453125 0.5546875 0.4171875 0.15625
3 0.29453125 0.68515625 0.4171875 0.1015625
3 0.29453125 0.7921875 0.4171875 0.1046875
3 0.29453125 0.89609375 0.4171875 0.0984375
3 0.7078125 0.18046875 0.409375 0.2125
3 0.7078125 0.465625 0.409375 0.353125
3 0.7078125 0.74453125 0.409375 0.203125
3 0.7078125 0.9 0.409375 0.1015625
4 0.7078125 0.8671875 0.409375 0.0359375
4 0.7078125 0.72578125 0.409375 0.1671875
4 0.7078125 0.4125 0.409375 0.246875
4 0.7078125 0.159375 0.409375 0.1703125
4 0.29453125 0.14609375 0.4171875 0.1484375
4 0.29453125 0.2796875 0.4171875 0.03125
4 0.29453125 0.41015625 0.4171875 0.046875
4 0.29453125 0.50703125 0.4171875 0.0609375
4 0.29453125 0.6515625 0.4171875 0.034375
4 0.29453125 0.7546875 0.4171875 0.028125
4 0.29453125 0.86875 0.4171875 0.04375
0 0.7078125 0.91796875 0.409375 0.0671875
0 0.7078125 0.825 0.409375 0.0421875
0 0.7078125 0.5875 0.409375 0.109375
0 0.7078125 0.26953125 0.409375 0.0359375
0 0.29453125 0.45546875 0.4171875 0.0359375
0 0.29453125 0.3421875 0.4171875 0.0828125
0 0.29453125 0.24296875 0.4171875 0.034375
0 0.29453125 0.58671875 0.4171875 0.090625
0 0.29453125 0.70390625 0.4171875 0.0640625
0 0.29453125 0.8046875 0.4171875 0.078125
0 0.29453125 0.9109375 0.4171875 0.06875