5 0.3046875 0.5203125 0.40625 0.88125
5 0.71875 0.5203125 0.415625 0.88125
3 0.3046875 0.1484375 0.40625 0.1375
3 0.3046875 0.31640625 0.40625 0.2046875
3 0.3046875 0.6890625 0.40625 0.5421875
3 0.72578125 0.1484375 0.40625 0.128125
3 0.71796875 0.27109375 0.415625 0.1171875
3 0.72109375 0.49921875 0.415625 0.3375
3 0.7140625 0.7375 0.40625 0.1390625
3 0.7140625 0.87578125 0.40625 0.1390625
3 0.3046875 0.1875 0.40625 0.0578125
0 0.3046875 0.371875 0.40625 0.09375
3 0.3046875 0.6890625 0.40625 0.5421875
0 0.72578125 0.1484375 0.40625 0.128125
0 0.71796875 0.290625 0.415625 0.078125
0 0.72109375 0.52421875 0.415625 0.2859375
0 0.7140625 0.75859375 0.40625 0.096875
0 0.7140625 0.90390625 0.40625 0.090625
0 0.3046875 0.1203125 0.40625 0.08125
4 0.3046875 0.2703125 0.40625 0.1125
4 0.71796875 0.23203125 0.415625 0.0390625
4 0.72109375 0.35703125 0.415625 0.05625
4 0.7140625 0.68828125 0.40625 0.0421875
4 0.7140625 0.83359375 0.40625 0.0546875