5 0.49765625 0.49921875 0.9203125 0.9359375
3 0.49765625 0.175 0.9203125 0.2875
3 0.49765625 0.4078125 0.9203125 0.1765625
3 0.49765625 0.57421875 0.9203125 0.1609375
3 0.49765625 0.78203125 0.9203125 0.25625
4 0.49765625 0.1515625 0.9203125 0.1125
0 0.49765625 0.2625 0.9203125 0.1125
4 0.49765625 0.3515625 0.9203125 0.0625
0 0.49765625 0.4375 0.9203125 0.1171875
4 0.49765625 0.521875 0.9203125 0.0546875
0 0.49765625 0.5984375 0.9203125 0.1125
4 0.49765625 0.68828125 0.9203125 0.06875
0 0.49765625 0.81640625 0.9203125 0.1875
2 0.49765625 0.05859375 0.9 0.046875