5 0.30078125 0.50859375 0.4046875 0.8578125
5 0.71796875 0.50859375 0.4296875 0.8578125
3 0.30078125 0.1015625 0.4046875 0.04375
3 0.30078125 0.15234375 0.4046875 0.059375
3 0.30078125 0.2109375 0.4046875 0.0546875
3 0.30078125 0.3546875 0.4046875 0.06875
3 0.30078125 0.46796875 0.4046875 0.15
3 0.30078125 0.58515625 0.4046875 0.071875
3 0.30078125 0.75859375 0.4046875 0.275
3 0.30078125 0.91875 0.4046875 0.034375
3 0.71796875 0.1171875 0.4296875 0.075
3 0.71796875 0.20625 0.4296875 0.1
3 0.71796875 0.31875 0.4296875 0.1171875
3 0.71796875 0.49921875 0.4296875 0.2375
3 0.71796875 0.71640625 0.4296875 0.1875
3 0.71796875 0.87265625 0.4296875 0.1171875
0 0.30078125 0.1015625 0.4046875 0.04375
4 0.30078125 0.13203125 0.4046875 0.0171875
4 0.30078125 0.190625 0.4046875 0.0140625
3 0.30078125 0.2796875 0.4046875 0.075
4 0.30078125 0.25859375 0.4046875 0.034375
4 0.30078125 0.3359375 0.4046875 0.03125
4 0.30078125 0.44921875 0.4046875 0.1140625
4 0.30078125 0.56484375 0.4046875 0.03125
4 0.30078125 0.70546875 0.4046875 0.16875
4 0.71796875 0.1875 0.4296875 0.0625
4 0.71796875 0.28515625 0.4296875 0.0515625
4 0.71796875 0.4828125 0.4296875 0.203125
4 0.71796875 0.69765625 0.4296875 0.1484375
4 0.71796875 0.83125 0.4296875 0.034375
0 0.30078125 0.1609375 0.4046875 0.040625
0 0.30078125 0.221875 0.4046875 0.034375
0 0.30078125 0.296875 0.4046875 0.0390625
0 0.30078125 0.3703125 0.4046875 0.0375
0 0.30078125 0.52578125 0.4046875 0.0359375
0 0.30078125 0.60078125 0.4046875 0.0421875
0 0.30078125 0.84296875 0.4046875 0.10625
4 0.30078125 0.91875 0.4046875 0.034375
0 0.71796875 0.1171875 0.4296875 0.075
0 0.71796875 0.23515625 0.4296875 0.0421875
0 0.71796875 0.34453125 0.4296875 0.0640625
0 0.71796875 0.6015625 0.4296875 0.03125
0 0.71796875 0.790625 0.4296875 0.0390625
0 0.71796875 0.88984375 0.4296875 0.084375