5 0.50390625 0.50078125 0.9921875 0.9203125
3 0.7609375 0.22421875 0.4765625 0.3671875
3 0.2640625 0.7328125 0.509375 0.309375
4 0.2640625 0.69375 0.509375 0.23125
0 0.2640625 0.84453125 0.509375 0.084375
3 0.7609375 0.53125 0.4765625 0.234375
4 0.7609375 0.20546875 0.4765625 0.203125
4 0.7609375 0.484375 0.4765625 0.140625
3 0.7609375 0.7734375 0.4765625 0.2390625
4 0.7609375 0.67265625 0.4765625 0.0359375
0 0.7609375 0.35234375 0.4765625 0.0921875
0 0.7609375 0.596875 0.4765625 0.0828125
0 0.7609375 0.79375 0.4765625 0.196875
2 0.2640625 0.3328125 0.509375 0.4828125