5 0.303125 0.49296875 0.3703125 0.778125
5 0.7125 0.490625 0.36875 0.7828125
3 0.30234375 0.2125 0.36875 0.2203125
3 0.71328125 0.16171875 0.3703125 0.1265625
3 0.7109375 0.30625 0.36875 0.121875
3 0.303125 0.39453125 0.3671875 0.1125
3 0.7109375 0.43359375 0.36875 0.1046875
3 0.30234375 0.671875 0.36875 0.421875
3 0.7125 0.69140625 0.3734375 0.384375
4 0.30234375 0.19375 0.3703125 0.1828125
4 0.7125 0.12109375 0.3703125 0.0453125
4 0.7125 0.26328125 0.3703125 0.0390625
4 0.709375 0.39296875 0.36875 0.0234375
4 0.30234375 0.36484375 0.3703125 0.05625
4 0.30234375 0.6046875 0.3703125 0.2828125
4 0.7125 0.62890625 0.3703125 0.2609375
0 0.7125 0.184375 0.3703125 0.0796875
0 0.7109375 0.32421875 0.36875 0.084375
0 0.30234375 0.30234375 0.3703125 0.0359375
0 0.3015625 0.421875 0.36875 0.0578125
0 0.71015625 0.446875 0.3703125 0.0796875
0 0.3015625 0.8171875 0.36875 0.1328125
0 0.7109375 0.82265625 0.3734375 0.1234375