5 0.2953125 0.45390625 0.3921875 0.7765625
5 0.715625 0.45859375 0.3984375 0.775
3 0.2953125 0.190625 0.3890625 0.2484375
3 0.715625 0.271875 0.396875 0.4
3 0.7140625 0.6015625 0.3953125 0.2484375
3 0.71484375 0.79140625 0.3984375 0.109375
3 0.29375 0.70078125 0.3921875 0.28125
3 0.29375 0.44140625 0.3921875 0.209375
4 0.29609375 0.07734375 0.3875 0.021875
4 0.71640625 0.21875 0.3953125 0.296875
4 0.2921875 0.39765625 0.3921875 0.11875
4 0.7140625 0.4953125 0.3984375 0.0375
4 0.29296875 0.6796875 0.39375 0.2390625
4 0.715625 0.75625 0.396875 0.040625
0 0.2953125 0.20234375 0.3890625 0.225
0 0.71640625 0.41875 0.3953125 0.1046875
0 0.2921875 0.50078125 0.3921875 0.0890625
0 0.29296875 0.821875 0.39375 0.0421875
0 0.7140625 0.6203125 0.3953125 0.2109375
0 0.71484375 0.81015625 0.3953125 0.0703125