5 0.27265625 0.54375 0.4234375 0.771875
5 0.72421875 0.5421875 0.4015625 0.76875
3 0.27109375 0.21875 0.421875 0.1203125
3 0.271875 0.44296875 0.4234375 0.31875
3 0.72421875 0.19453125 0.4015625 0.0765625
3 0.72421875 0.42734375 0.4015625 0.3765625
3 0.2703125 0.70234375 0.4203125 0.1890625
3 0.27109375 0.8640625 0.421875 0.1296875
3 0.72421875 0.77265625 0.4015625 0.3078125
4 0.27265625 0.184375 0.4234375 0.0546875
4 0.725 0.16640625 0.4015625 0.01875
4 0.27109375 0.375 0.421875 0.1859375
4 0.72421875 0.37890625 0.4015625 0.2828125
4 0.2703125 0.67265625 0.4203125 0.128125
4 0.7234375 0.71015625 0.403125 0.1828125
4 0.27109375 0.8453125 0.4234375 0.0921875
0 0.2703125 0.534375 0.4234375 0.1328125
0 0.7234375 0.56796875 0.4015625 0.0921875
0 0.27109375 0.7671875 0.4234375 0.059375
0 0.27109375 0.909375 0.4234375 0.0375
0 0.7234375 0.8640625 0.403125 0.1234375
0 0.27109375 0.2453125 0.4234375 0.065625
0 0.72421875 0.20390625 0.4015625 0.0578125
2 0.4921875 0.1359375 0.86875 0.0359375