5 0.2890625 0.51953125 0.4390625 0.8796875
5 0.73671875 0.5171875 0.4328125 0.88125
3 0.28984375 0.24609375 0.4328125 0.3375
3 0.2890625 0.45234375 0.4328125 0.071875
3 0.29140625 0.59140625 0.4375 0.209375
3 0.290625 0.771875 0.44375 0.1484375
3 0.72578125 0.275 0.40625 0.3828125
3 0.73125 0.7359375 0.4359375 0.26875
3 0.73125 0.91328125 0.4359375 0.0875
3 0.290625 0.9 0.44375 0.1171875
0 0.28984375 0.37890625 0.4328125 0.071875
0 0.2890625 0.47109375 0.4328125 0.034375
0 0.29140625 0.64453125 0.4375 0.103125
0 0.290625 0.7875 0.44375 0.11875
0 0.72578125 0.4328125 0.40625 0.0671875
4 0.73125 0.71328125 0.4359375 0.225
0 0.73125 0.92734375 0.4359375 0.059375
0 0.290625 0.91875 0.44375 0.0796875
4 0.28984375 0.2125 0.4328125 0.2703125
4 0.2890625 0.4328125 0.4328125 0.0328125
4 0.29140625 0.540625 0.4375 0.109375
4 0.290625 0.7140625 0.44375 0.03125
4 0.72578125 0.24140625 0.40625 0.315625
3 0.73125 0.53515625 0.4359375 0.1296875
4 0.73125 0.884375 0.4359375 0.0296875
4 0.290625 0.8609375 0.44375 0.0390625
0 0.73125 0.584375 0.4359375 0.03125
4 0.73125 0.51953125 0.4359375 0.0984375
0 0.73125 0.84765625 0.4359375 0.046875