5 0.49375 0.47421875 0.91875 0.8875
3 0.49375 0.12421875 0.91875 0.1859375
3 0.49375 0.31328125 0.91875 0.175
3 0.49375 0.50546875 0.91875 0.171875
3 0.49375 0.678125 0.91875 0.1375
3 0.49375 0.828125 0.91875 0.1453125
4 0.49375 0.06875 0.91875 0.075
4 0.49375 0.26171875 0.91875 0.0703125
4 0.49375 0.4515625 0.91875 0.0625
4 0.49375 0.62109375 0.91875 0.0234375
4 0.49375 0.7734375 0.91875 0.0359375
0 0.49375 0.16015625 0.91875 0.1140625
0 0.49375 0.35 0.91875 0.1015625
0 0.49375 0.5390625 0.91875 0.10625
0 0.49375 0.68828125 0.91875 0.1140625
0 0.49375 0.84375 0.91875 0.1140625