5 0.49296875 0.45234375 0.83125 0.7890625
3 0.49375 0.48125 0.8296875 0.0953125
3 0.49140625 0.58203125 0.8296875 0.096875
3 0.49296875 0.67109375 0.83125 0.078125
3 0.4921875 0.7515625 0.8296875 0.0828125
3 0.4921875 0.82109375 0.828125 0.053125
4 0.49453125 0.44296875 0.828125 0.0171875
4 0.4921875 0.54296875 0.828125 0.015625
4 0.49296875 0.640625 0.828125 0.0140625
4 0.49296875 0.72265625 0.8296875 0.0171875
4 0.4921875 0.803125 0.8265625 0.0171875
0 0.4921875 0.83046875 0.825 0.034375
0 0.4921875 0.7625 0.828125 0.059375
0 0.4921875 0.67890625 0.8265625 0.0625
0 0.4921875 0.590625 0.8265625 0.0765625
0 0.49375 0.490625 0.828125 0.075
2 0.4921875 0.2453125 0.8359375 0.3765625