5 0.28828125 0.45859375 0.4015625 0.7828125
5 0.703125 0.46015625 0.3859375 0.7765625
3 0.2875 0.240625 0.4 0.346875
3 0.2875 0.503125 0.403125 0.175
3 0.2875 0.7203125 0.403125 0.259375
3 0.7015625 0.1734375 0.38125 0.2046875
3 0.70234375 0.3296875 0.3828125 0.090625
3 0.7015625 0.465625 0.3828125 0.175
3 0.70234375 0.70625 0.3828125 0.2828125
4 0.28828125 0.17734375 0.4015625 0.21875
4 0.70234375 0.1359375 0.3796875 0.128125
4 0.70390625 0.30390625 0.3828125 0.0390625
4 0.703125 0.4109375 0.3828125 0.0671875
4 0.28671875 0.42578125 0.4 0.0203125
4 0.28828125 0.671875 0.3984375 0.1625
4 0.703125 0.6515625 0.3828125 0.1734375
0 0.2875 0.80234375 0.403125 0.096875
0 0.703125 0.79375 0.38125 0.10625
0 0.2875 0.5140625 0.396875 0.153125
0 0.70234375 0.49921875 0.378125 0.1078125
0 0.703125 0.2390625 0.3796875 0.075
0 0.28984375 0.3515625 0.39375 0.125
0 0.70390625 0.3484375 0.38125 0.05