5 0.296875 0.48828125 0.378125 0.784375
5 0.70390625 0.48828125 0.3875 0.7890625
3 0.29609375 0.1796875 0.378125 0.165625
3 0.703125 0.16484375 0.3859375 0.14375
3 0.703125 0.33125 0.3859375 0.15625
3 0.2953125 0.33984375 0.3765625 0.1265625
3 0.2953125 0.47109375 0.3796875 0.11875
3 0.703125 0.51015625 0.3859375 0.1765625
3 0.29375 0.60703125 0.378125 0.1171875
3 0.70234375 0.74609375 0.3875 0.2734375
3 0.29609375 0.78125 0.378125 0.1984375
4 0.2953125 0.1296875 0.3765625 0.0640625
4 0.7046875 0.128125 0.384375 0.06875
4 0.2953125 0.29921875 0.3765625 0.0421875
4 0.70234375 0.31328125 0.3859375 0.1171875
4 0.29453125 0.43359375 0.3765625 0.0421875
4 0.703125 0.4703125 0.3875 0.096875
4 0.2953125 0.56875 0.3765625 0.0421875
4 0.703125 0.63828125 0.3875 0.0546875
4 0.29609375 0.740625 0.378125 0.115625
0 0.2953125 0.21328125 0.378125 0.0984375
0 0.703125 0.1984375 0.3859375 0.0703125
0 0.703125 0.390625 0.3859375 0.0359375
0 0.2953125 0.36171875 0.378125 0.0828125
0 0.29375 0.49296875 0.3796875 0.075
0 0.29296875 0.62734375 0.378125 0.075
0 0.703125 0.5578125 0.3859375 0.078125
0 0.29609375 0.83984375 0.3796875 0.0796875
0 0.703125 0.77421875 0.3890625 0.215625