5 0.2921875 0.46875 0.45 0.8140625
3 0.29765625 0.2234375 0.43125 0.2515625
5 0.74453125 0.46875 0.45 0.8140625
4 0.29765625 0.1828125 0.43125 0.1703125
0 0.29765625 0.3078125 0.43125 0.0859375
3 0.29765625 0.42421875 0.43125 0.1515625
4 0.29765625 0.36640625 0.43125 0.0359375
0 0.29765625 0.44296875 0.43125 0.11875
3 0.74453125 0.2265625 0.45 0.2625
4 0.74453125 0.12578125 0.45 0.0609375
0 0.74453125 0.25625 0.45 0.196875
3 0.74453125 0.434375 0.45 0.18125
4 0.74453125 0.40234375 0.45 0.1171875
0 0.74453125 0.490625 0.45 0.059375
3 0.74453125 0.6078125 0.45 0.1703125
4 0.74453125 0.57578125 0.45 0.10625
0 0.74453125 0.65859375 0.45 0.0640625
3 0.74453125 0.7828125 0.45 0.18125
4 0.74453125 0.75 0.45 0.1140625
0 0.74453125 0.8421875 0.45 0.0671875