5 0.27578125 0.49296875 0.4125 0.846875
5 0.728125 0.490625 0.4109375 0.8421875
3 0.27421875 0.140625 0.4125 0.1421875
3 0.72734375 0.153125 0.409375 0.1703125
3 0.275 0.32578125 0.4125 0.209375
3 0.72578125 0.315625 0.40625 0.1328125
3 0.72734375 0.4625 0.4125 0.14375
3 0.275 0.54765625 0.4125 0.2140625
3 0.72734375 0.62890625 0.409375 0.1609375
3 0.72734375 0.815625 0.4078125 0.1921875
3 0.275 0.79453125 0.4125 0.2375
4 0.27421875 0.10234375 0.4125 0.065625
0 0.27421875 0.17265625 0.4125 0.0765625
4 0.275 0.2875 0.4125 0.1328125
0 0.275 0.3921875 0.4125 0.0765625
4 0.72734375 0.10859375 0.409375 0.0796875
0 0.72734375 0.19453125 0.409375 0.0859375
4 0.72578125 0.26171875 0.40625 0.0265625
0 0.72578125 0.328125 0.40625 0.1078125
4 0.72734375 0.4203125 0.4125 0.0609375
0 0.72734375 0.4921875 0.4125 0.0828125
4 0.275 0.4921875 0.4125 0.103125
0 0.275 0.59921875 0.4125 0.1109375
4 0.72734375 0.56953125 0.409375 0.0421875
0 0.72734375 0.65 0.409375 0.11875
4 0.72734375 0.7765625 0.4078125 0.1140625
0 0.72734375 0.87265625 0.4078125 0.078125
4 0.275 0.73984375 0.4125 0.128125
0 0.275 0.8578125 0.4125 0.1109375