5 0.2890625 0.48046875 0.4390625 0.8
5 0.7359375 0.475 0.4328125 0.796875
3 0.28984375 0.2078125 0.4328125 0.2609375
3 0.28984375 0.409375 0.4328125 0.153125
3 0.29140625 0.5828125 0.4375 0.18125
3 0.290625 0.771875 0.44375 0.203125
3 0.72578125 0.2359375 0.40625 0.303125
3 0.73125 0.54765625 0.434375 0.2640625
3 0.73125 0.7859375 0.434375 0.175
0 0.28984375 0.3 0.4328125 0.0765625
0 0.28984375 0.44609375 0.4328125 0.078125
0 0.29140625 0.62109375 0.4375 0.1046875
0 0.290625 0.828125 0.44375 0.0890625
0 0.73671875 0.3234375 0.428125 0.1453125
0 0.73125 0.59765625 0.434375 0.1625
0 0.73125 0.83203125 0.434375 0.0828125
4 0.28984375 0.16953125 0.4328125 0.184375
4 0.28984375 0.3703125 0.4328125 0.075
4 0.29140625 0.53046875 0.4375 0.0765625
4 0.290625 0.728125 0.44375 0.1171875
4 0.73515625 0.16875 0.4265625 0.1703125
4 0.73125 0.46015625 0.434375 0.0921875
4 0.73125 0.7421875 0.434375 0.0875