5 0.49765625 0.49921875 0.915625 0.94375
3 0.49765625 0.1375 0.915625 0.2203125
3 0.49765625 0.359375 0.915625 0.2109375
3 0.49765625 0.578125 0.915625 0.2109375
3 0.49765625 0.79609375 0.915625 0.2171875
4 0.49765625 0.0796875 0.915625 0.10625
4 0.49765625 0.30234375 0.915625 0.0984375
4 0.49765625 0.51953125 0.915625 0.09375
4 0.49765625 0.7390625 0.915625 0.1046875
0 0.49765625 0.190625 0.915625 0.115625
0 0.49765625 0.40703125 0.915625 0.115625
0 0.49765625 0.62265625 0.915625 0.121875
0 0.49765625 0.846875 0.915625 0.1140625