5 0.5109375 0.47890625 0.978125 0.859375
3 0.2734375 0.2078125 0.503125 0.31875
3 0.76796875 0.21171875 0.4640625 0.3265625
3 0.2734375 0.48125 0.503125 0.20625
3 0.2734375 0.73828125 0.503125 0.265625
3 0.76796875 0.5078125 0.4640625 0.2546875
3 0.76796875 0.75703125 0.4640625 0.2375
4 0.2734375 0.14140625 0.503125 0.1859375
4 0.2734375 0.421875 0.503125 0.0859375
4 0.2734375 0.678125 0.503125 0.1453125
4 0.76796875 0.16171875 0.4640625 0.2265625
4 0.76796875 0.43046875 0.4640625 0.1
4 0.76796875 0.6953125 0.4640625 0.1140625
0 0.2734375 0.30078125 0.503125 0.1328125
0 0.2734375 0.52421875 0.503125 0.11875
0 0.2734375 0.80859375 0.503125 0.125
0 0.76796875 0.3265625 0.4640625 0.0984375
0 0.76796875 0.5609375 0.4640625 0.1484375
0 0.76796875 0.81171875 0.4640625 0.128125