5 0.70390625 0.5078125 0.396875 0.859375
5 0.296875 0.5078125 0.4078125 0.859375
3 0.296875 0.178125 0.4078125 0.2
3 0.296875 0.3234375 0.4078125 0.0875
3 0.296875 0.52578125 0.4078125 0.309375
3 0.296875 0.80859375 0.4078125 0.246875
3 0.70390625 0.11640625 0.396875 0.0765625
3 0.70390625 0.1796875 0.396875 0.059375
3 0.70390625 0.34453125 0.396875 0.271875
3 0.70390625 0.52734375 0.396875 0.090625
3 0.70390625 0.60625 0.396875 0.06875
3 0.70390625 0.78828125 0.396875 0.2828125
4 0.296875 0.10703125 0.4078125 0.059375
0 0.296875 0.20703125 0.4078125 0.140625
4 0.296875 0.3046875 0.4078125 0.0515625
4 0.296875 0.4578125 0.4078125 0.175
4 0.296875 0.771875 0.4078125 0.171875
4 0.70390625 0.29453125 0.396875 0.171875
4 0.70390625 0.50859375 0.396875 0.053125
4 0.70390625 0.590625 0.396875 0.0359375
4 0.70390625 0.7375 0.396875 0.1828125
4 0.70390625 0.1609375 0.396875 0.021875
0 0.296875 0.34765625 0.4078125 0.0390625
0 0.296875 0.61328125 0.4078125 0.1328125
0 0.296875 0.89765625 0.4078125 0.06875
0 0.70390625 0.43125 0.396875 0.0984375
0 0.70390625 0.5546875 0.396875 0.0359375
0 0.70390625 0.62265625 0.396875 0.0359375
0 0.70390625 0.8796875 0.396875 0.1
0 0.70390625 0.190625 0.396875 0.0375
4 0.70390625 0.11640625 0.396875 0.0765625