5 0.49375 0.46875 0.9140625 0.859375
3 0.496875 0.10390625 0.91875 0.1203125
4 0.50390625 0.05703125 0.9234375 0.0234375
0 0.496875 0.1171875 0.925 0.0890625
3 0.4984375 0.2375 0.928125 0.1140625
4 0.5015625 0.190625 0.9171875 0.0125
0 0.503125 0.246875 0.9203125 0.0921875
3 0.5 0.3703125 0.9203125 0.11875
4 0.49609375 0.32578125 0.9171875 0.0328125
0 0.503125 0.3828125 0.9203125 0.0890625
3 0.5015625 0.50546875 0.9125 0.1140625
4 0.4984375 0.459375 0.9234375 0.0234375
0 0.5015625 0.51640625 0.9234375 0.0953125
3 0.5 0.6546875 0.9203125 0.1390625
4 0.496875 0.60078125 0.925 0.0359375
0 0.49453125 0.6734375 0.9140625 0.10625
3 0.5015625 0.8140625 0.9234375 0.1609375
4 0.50390625 0.76484375 0.9171875 0.0546875
0 0.4984375 0.84140625 0.90625 0.1015625