5 0.27890625 0.4828125 0.371875 0.834375
5 0.7 0.4828125 0.371875 0.834375
3 0.278125 0.13203125 0.3734375 0.13125
3 0.69921875 0.13984375 0.371875 0.1484375
3 0.27890625 0.278125 0.371875 0.1328125
3 0.69921875 0.309375 0.371875 0.1625
3 0.278125 0.41875 0.3734375 0.128125
3 0.69921875 0.45703125 0.371875 0.1125
3 0.7 0.56484375 0.3734375 0.0828125
3 0.278125 0.6171875 0.3734375 0.240625
3 0.7 0.69609375 0.3734375 0.1640625
3 0.69921875 0.84296875 0.371875 0.115625
3 0.278125 0.82421875 0.3703125 0.1515625
4 0.278125 0.090625 0.3734375 0.0484375
0 0.278125 0.15546875 0.3734375 0.084375
4 0.27890625 0.23359375 0.371875 0.0453125
0 0.27890625 0.3 0.371875 0.0890625
4 0.69921875 0.08046875 0.371875 0.028125
0 0.69921875 0.15390625 0.371875 0.1203125
4 0.69921875 0.25546875 0.371875 0.0546875
0 0.69921875 0.33671875 0.371875 0.1078125
4 0.69921875 0.4203125 0.371875 0.0390625
0 0.69921875 0.47734375 0.371875 0.071875
4 0.278125 0.39296875 0.3734375 0.078125
0 0.278125 0.4578125 0.3734375 0.05
4 0.278125 0.59296875 0.3734375 0.1921875
0 0.278125 0.7125 0.3734375 0.0515625
4 0.7 0.54296875 0.3734375 0.0375
0 0.7 0.5828125 0.3734375 0.046875
4 0.7 0.6609375 0.3734375 0.09375
0 0.7 0.74296875 0.3734375 0.0703125
4 0.278125 0.80234375 0.3703125 0.10625
0 0.278125 0.87890625 0.3703125 0.0421875
4 0.69921875 0.80703125 0.371875 0.0453125
0 0.69921875 0.86484375 0.371875 0.071875