5 0.27109375 0.51015625 0.4296875 0.778125
5 0.71796875 0.51015625 0.4296875 0.7875
3 0.27109375 0.68515625 0.4296875 0.428125
3 0.71796875 0.4453125 0.4296875 0.275
3 0.27109375 0.2921875 0.4296875 0.340625
3 0.71796875 0.746875 0.4296875 0.3140625
3 0.71796875 0.209375 0.4296875 0.1859375
0 0.27109375 0.3390625 0.4296875 0.246875
4 0.27109375 0.16875 0.4296875 0.0953125
0 0.27109375 0.7421875 0.4296875 0.3140625
4 0.27109375 0.52578125 0.4296875 0.109375
0 0.71796875 0.25 0.4296875 0.1046875
4 0.71796875 0.1578125 0.4296875 0.08125
0 0.71796875 0.496875 0.4296875 0.1703125
4 0.71796875 0.3578125 0.4296875 0.1
0 0.71796875 0.81328125 0.4296875 0.18125
4 0.71796875 0.65390625 0.4296875 0.1296875