5 0.50078125 0.5 0.915625 0.9453125
3 0.50078125 0.109375 0.915625 0.1640625
3 0.50078125 0.26875 0.915625 0.146875
3 0.50078125 0.42265625 0.915625 0.15
3 0.50078125 0.57421875 0.915625 0.1453125
3 0.50078125 0.78125 0.915625 0.2625
4 0.50078125 0.05859375 0.915625 0.0625
0 0.50078125 0.1375 0.915625 0.1078125
4 0.50078125 0.21875 0.915625 0.046875
0 0.50078125 0.290625 0.915625 0.1015625
4 0.50078125 0.37265625 0.915625 0.0515625
0 0.50078125 0.44609375 0.915625 0.1046875
4 0.50078125 0.5265625 0.915625 0.05
0 0.50078125 0.6 0.915625 0.09375
4 0.50078125 0.7265625 0.915625 0.153125
0 0.50078125 0.85546875 0.915625 0.1140625