5 0.30625 0.49140625 0.3734375 0.7765625
5 0.69921875 0.49453125 0.3828125 0.778125
3 0.30546875 0.19921875 0.3734375 0.1890625
3 0.7 0.18515625 0.3828125 0.1625
3 0.30625 0.375 0.375 0.128125
3 0.6984375 0.34453125 0.3828125 0.1171875
3 0.3046875 0.5796875 0.3703125 0.2484375
3 0.69921875 0.49296875 0.38125 0.15
3 0.696875 0.73125 0.3828125 0.3015625
3 0.30546875 0.80234375 0.3734375 0.1546875
4 0.30546875 0.1453125 0.3734375 0.0828125
0 0.30546875 0.23828125 0.3734375 0.1125
4 0.7 0.14140625 0.3828125 0.075
0 0.7 0.22109375 0.3828125 0.090625
4 0.30625 0.34453125 0.375 0.065625
0 0.30625 0.40859375 0.375 0.059375
4 0.6984375 0.296875 0.3828125 0.0234375
0 0.6984375 0.35546875 0.3828125 0.0953125
4 0.3046875 0.48125 0.3703125 0.0546875
0 0.3046875 0.60625 0.3703125 0.1953125
4 0.69921875 0.44609375 0.38125 0.05625
0 0.69921875 0.52109375 0.38125 0.0953125
4 0.30546875 0.75078125 0.3734375 0.0515625
0 0.30546875 0.828125 0.3734375 0.103125
4 0.696875 0.628125 0.3828125 0.096875
0 0.696875 0.7796875 0.3828125 0.2046875