5 0.51171875 0.5046875 0.8515625 0.8734375
3 0.51171875 0.15 0.8515625 0.1640625
3 0.51171875 0.30703125 0.8515625 0.1296875
3 0.51171875 0.4734375 0.8515625 0.1671875
3 0.51171875 0.6375 0.8515625 0.121875
3 0.5109375 0.815625 0.84375 0.2125
4 0.51171875 0.10078125 0.8515625 0.0640625
4 0.51171875 0.2578125 0.846875 0.03125
4 0.51171875 0.42265625 0.8515625 0.0640625
4 0.51171875 0.5875 0.8515625 0.0234375
4 0.5109375 0.7234375 0.84375 0.028125
0 0.51171875 0.18125 0.8515625 0.1015625
0 0.51171875 0.321875 0.8515625 0.0984375
0 0.51171875 0.50390625 0.8515625 0.10625
0 0.51171875 0.6484375 0.8515625 0.1015625
0 0.5109375 0.82890625 0.84375 0.1859375