5 0.30625 0.51875 0.41875 0.884375
5 0.71484375 0.51875 0.41875 0.884375
3 0.30546875 0.13515625 0.41875 0.121875
0 0.3 0.13515625 0.4078125 0.121875
3 0.28984375 0.78515625 0.4078125 0.1078125
3 0.28984375 0.89140625 0.4078125 0.1078125
3 0.71328125 0.13203125 0.4078125 0.10625
3 0.71640625 0.25546875 0.4078125 0.14375
3 0.71640625 0.37578125 0.4078125 0.1015625
3 0.71328125 0.4671875 0.4078125 0.0890625
3 0.71875 0.5515625 0.4078125 0.0890625
3 0.7171875 0.63125 0.4078125 0.0640625
3 0.7171875 0.803125 0.4078125 0.2734375
0 0.28984375 0.80546875 0.4078125 0.0671875
0 0.28984375 0.90859375 0.4078125 0.075
0 0.71328125 0.14296875 0.4078125 0.0828125
0 0.71640625 0.27109375 0.4078125 0.1125
0 0.71640625 0.39453125 0.4078125 0.0640625
0 0.71328125 0.4921875 0.4078125 0.0390625
0 0.71875 0.57578125 0.4078125 0.040625
0 0.7171875 0.64375 0.4078125 0.0390625
0 0.7171875 0.9171875 0.4078125 0.0453125
4 0.28984375 0.75 0.4078125 0.0390625
4 0.28984375 0.85390625 0.4078125 0.0328125
4 0.71328125 0.090625 0.4078125 0.0234375
4 0.71640625 0.1984375 0.4078125 0.0296875
4 0.71640625 0.34296875 0.4078125 0.034375
4 0.71328125 0.44921875 0.4078125 0.053125
4 0.71875 0.53203125 0.4078125 0.05
4 0.7171875 0.61328125 0.4078125 0.0265625
4 0.7171875 0.78046875 0.4078125 0.2265625