5 0.29765625 0.490625 0.3796875 0.775
5 0.7140625 0.48984375 0.390625 0.7734375
3 0.29765625 0.171875 0.38125 0.1359375
3 0.71328125 0.18671875 0.390625 0.165625
3 0.29609375 0.3390625 0.3796875 0.15625
3 0.7140625 0.403125 0.390625 0.2296875
3 0.296875 0.56796875 0.38125 0.2625
3 0.71328125 0.62421875 0.390625 0.16875
3 0.29765625 0.80234375 0.38125 0.1515625
3 0.71328125 0.8015625 0.390625 0.15
4 0.29765625 0.11875 0.38125 0.028125
0 0.29765625 0.18671875 0.38125 0.10625
4 0.29609375 0.284375 0.3796875 0.046875
0 0.29609375 0.36328125 0.3796875 0.109375
4 0.71328125 0.13359375 0.390625 0.0609375
0 0.71328125 0.2171875 0.390625 0.1046875
4 0.7140625 0.31171875 0.390625 0.046875
0 0.7140625 0.42734375 0.390625 0.1796875
4 0.296875 0.51328125 0.38125 0.153125
0 0.296875 0.6453125 0.38125 0.10625
4 0.71328125 0.56171875 0.390625 0.04375
0 0.71328125 0.64765625 0.390625 0.121875
4 0.29765625 0.74765625 0.38125 0.0421875
0 0.29765625 0.82421875 0.38125 0.1078125
4 0.71328125 0.75078125 0.390625 0.0484375
0 0.71328125 0.82734375 0.390625 0.0984375