5 0.27578125 0.5 0.4078125 0.853125
5 0.72109375 0.5015625 0.390625 0.85625
3 0.27578125 0.24609375 0.4078125 0.346875
3 0.7203125 0.14609375 0.3890625 0.14375
3 0.72109375 0.2609375 0.390625 0.0828125
3 0.72109375 0.4390625 0.390625 0.26875
3 0.71953125 0.753125 0.390625 0.3515625
3 0.275 0.56171875 0.409375 0.278125
3 0.275 0.815625 0.409375 0.2203125
4 0.27578125 0.18984375 0.4078125 0.234375
0 0.27578125 0.36484375 0.4078125 0.109375
4 0.275 0.54140625 0.409375 0.2375
0 0.275 0.68046875 0.409375 0.040625
4 0.7203125 0.115625 0.3890625 0.0828125
0 0.7203125 0.18828125 0.3890625 0.0609375
4 0.72109375 0.24296875 0.390625 0.046875
0 0.72109375 0.2859375 0.390625 0.034375
4 0.72109375 0.33046875 0.390625 0.053125
0 0.72109375 0.46484375 0.390625 0.21875
4 0.71953125 0.71796875 0.390625 0.2828125
0 0.71953125 0.8953125 0.390625 0.06875
4 0.275 0.77734375 0.409375 0.14375
0 0.275 0.88671875 0.409375 0.078125