5 0.51328125 0.50703125 0.859375 0.8734375
3 0.51328125 0.190625 0.859375 0.240625
3 0.51328125 0.3953125 0.859375 0.1578125
3 0.51328125 0.56953125 0.859375 0.1828125
3 0.51328125 0.75078125 0.859375 0.175
4 0.51328125 0.13515625 0.859375 0.1296875
4 0.51328125 0.3375 0.859375 0.04375
4 0.51328125 0.503125 0.859375 0.05
4 0.51328125 0.6875 0.859375 0.046875
0 0.51328125 0.259375 0.859375 0.1015625
0 0.51328125 0.4203125 0.859375 0.109375
0 0.51328125 0.59453125 0.859375 0.13125
0 0.51328125 0.77265625 0.859375 0.13125