5 0.50078125 0.49921875 0.915625 0.9359375
3 0.50078125 0.121875 0.915625 0.1828125
3 0.50078125 0.31328125 0.915625 0.19375
3 0.50078125 0.521875 0.915625 0.2109375
3 0.50078125 0.76640625 0.915625 0.2640625
4 0.50078125 0.059375 0.915625 0.05625
0 0.50078125 0.14921875 0.915625 0.1265625
4 0.50078125 0.2484375 0.915625 0.0625
0 0.50078125 0.34375 0.915625 0.1328125
4 0.50078125 0.46484375 0.915625 0.0984375
0 0.50078125 0.57109375 0.915625 0.1125
4 0.50078125 0.6578125 0.915625 0.046875
0 0.50078125 0.7890625 0.915625 0.21875