5 0.49609375 0.4890625 0.8 0.7828125
3 0.49453125 0.12734375 0.7984375 0.0609375
3 0.4953125 0.21484375 0.8 0.096875
3 0.49609375 0.334375 0.8015625 0.1171875
3 0.4953125 0.44296875 0.8 0.071875
3 0.4953125 0.53359375 0.8015625 0.0703125
3 0.4953125 0.61015625 0.8 0.053125
3 0.4953125 0.68359375 0.8 0.0671875
3 0.4953125 0.7796875 0.8 0.0734375
3 0.4953125 0.85390625 0.8 0.0515625
4 0.4953125 0.83828125 0.8 0.021875
4 0.4953125 0.753125 0.8015625 0.021875
4 0.49453125 0.66171875 0.8 0.0203125
4 0.4953125 0.59453125 0.8015625 0.0203125
4 0.4953125 0.509375 0.8 0.021875
4 0.4953125 0.41875 0.8 0.021875
4 0.4953125 0.28671875 0.8 0.021875
4 0.49453125 0.18828125 0.8 0.0453125
4 0.49375 0.11171875 0.8 0.0328125
0 0.49375 0.14296875 0.8 0.03125
0 0.4953125 0.2375 0.8015625 0.0515625
0 0.4953125 0.3453125 0.803125 0.0953125
0 0.4953125 0.45390625 0.8 0.05
0 0.4953125 0.54453125 0.8 0.0484375
0 0.4953125 0.62109375 0.8 0.0328125
0 0.4953125 0.6953125 0.8 0.0453125
0 0.49453125 0.78984375 0.8 0.05
0 0.4953125 0.865625 0.8 0.0296875