5 0.31015625 0.5125 0.3875 0.8578125
5 0.70390625 0.5109375 0.3875 0.8578125
3 0.31015625 0.13984375 0.3875 0.1125
3 0.31015625 0.39453125 0.3875 0.3984375
3 0.31015625 0.65390625 0.3875 0.109375
3 0.31015625 0.78515625 0.3875 0.1453125
3 0.31015625 0.89921875 0.3875 0.071875
3 0.70390625 0.290625 0.3875 0.4140625
3 0.70390625 0.571875 0.3875 0.153125
3 0.70390625 0.75390625 0.3875 0.2078125
3 0.70390625 0.9 0.3875 0.078125
0 0.31015625 0.13984375 0.3875 0.1125
4 0.31015625 0.33515625 0.3875 0.2796875
4 0.31015625 0.61875 0.3875 0.0390625
4 0.31015625 0.7484375 0.3875 0.0703125
4 0.31015625 0.61875 0.3875 0.0390625
4 0.31015625 0.89921875 0.3875 0.071875
4 0.70390625 0.24140625 0.3875 0.315625
4 0.70390625 0.53125 0.3875 0.0703125
4 0.70390625 0.67578125 0.3875 0.0515625
4 0.70390625 0.9 0.3875 0.078125
0 0.31015625 0.53359375 0.3875 0.121875
0 0.31015625 0.675 0.3875 0.06875
0 0.31015625 0.81953125 0.3875 0.0765625
0 0.70390625 0.44921875 0.3875 0.0984375
0 0.70390625 0.60703125 0.3875 0.0828125
0 0.70390625 0.77734375 0.3875 0.1609375