5 0.4953125 0.4734375 0.915625 0.88125
3 0.4953125 0.10625 0.915625 0.146875
3 0.4953125 0.253125 0.915625 0.1390625
3 0.4953125 0.4375 0.915625 0.2109375
3 0.4953125 0.63359375 0.915625 0.1609375
4 0.4953125 0.05859375 0.915625 0.0515625
4 0.4953125 0.20390625 0.915625 0.040625
4 0.4953125 0.390625 0.915625 0.1171875
4 0.4953125 0.590625 0.915625 0.0765625
0 0.4953125 0.6703125 0.915625 0.090625
0 0.4953125 0.49609375 0.915625 0.09375
0 0.4953125 0.27265625 0.915625 0.1
0 0.4953125 0.13125 0.915625 0.0984375
2 0.496875 0.81484375 0.903125 0.1875