5 0.2890625 0.45546875 0.403125 0.7703125
5 0.7203125 0.45390625 0.403125 0.7734375
3 0.2859375 0.28359375 0.403125 0.4265625
3 0.71953125 0.1625 0.403125 0.1921875
3 0.71875 0.40390625 0.4015625 0.234375
3 0.2890625 0.565625 0.403125 0.1015625
3 0.7203125 0.68984375 0.4046875 0.2984375
3 0.2875 0.7375 0.4046875 0.20625
4 0.2859375 0.19609375 0.4046875 0.2484375
4 0.72109375 0.109375 0.403125 0.0875
4 0.71875 0.31015625 0.4015625 0.0453125
4 0.2875 0.53828125 0.4046875 0.046875
4 0.7203125 0.59921875 0.4046875 0.1140625
4 0.2890625 0.6859375 0.40625 0.10625
0 0.2875 0.78984375 0.4046875 0.096875
0 0.7203125 0.74921875 0.4046875 0.1796875
0 0.7171875 0.428125 0.403125 0.1859375
0 0.71875 0.209375 0.4015625 0.0953125
0 0.28515625 0.40859375 0.403125 0.175
0 0.2890625 0.590625 0.40625 0.0515625