5 0.3046875 0.49140625 0.3765625 0.7734375
5 0.70078125 0.490625 0.378125 0.771875
3 0.3046875 0.2265625 0.3765625 0.2453125
3 0.70078125 0.1953125 0.3796875 0.1828125
3 0.7015625 0.39765625 0.3765625 0.1703125
3 0.70078125 0.6 0.3796875 0.165625
3 0.7015625 0.79453125 0.3796875 0.165625
3 0.30390625 0.79921875 0.3765625 0.159375
3 0.30390625 0.6140625 0.3765625 0.1765625
3 0.30390625 0.4359375 0.3765625 0.140625
4 0.303125 0.14765625 0.375 0.0859375
4 0.70078125 0.13203125 0.3796875 0.0546875
4 0.30546875 0.39375 0.375 0.0546875
4 0.70078125 0.3359375 0.375 0.0484375
4 0.6984375 0.5375 0.375 0.0390625
4 0.303125 0.5375 0.375 0.0234375
4 0.303125 0.7546875 0.375 0.0703125
4 0.6984375 0.7359375 0.375 0.04375
0 0.7015625 0.81875 0.3796875 0.1171875
0 0.30234375 0.83359375 0.371875 0.0875
0 0.30234375 0.62734375 0.3765625 0.1515625
0 0.6984375 0.61796875 0.375 0.121875
0 0.7015625 0.4234375 0.375 0.121875
0 0.303125 0.465625 0.375 0.0859375
0 0.303125 0.2703125 0.375 0.1484375
0 0.6984375 0.22109375 0.375 0.11875