5 0.49921875 0.47421875 0.91875 0.8609375
3 0.50234375 0.12265625 0.91875 0.1625
4 0.49765625 0.0734375 0.915625 0.046875
0 0.49765625 0.15 0.915625 0.10625
3 0.496875 0.30390625 0.9140625 0.16875
4 0.496875 0.25390625 0.91875 0.06875
0 0.4953125 0.33359375 0.9109375 0.103125
3 0.50390625 0.48671875 0.9265625 0.15625
4 0.50078125 0.43125 0.9109375 0.05
0 0.50234375 0.51171875 0.9296875 0.1140625
3 0.49765625 0.6546875 0.915625 0.1484375
4 0.50234375 0.60390625 0.925 0.0375
0 0.50625 0.67734375 0.921875 0.109375
3 0.50390625 0.828125 0.921875 0.1625
4 0.50078125 0.76953125 0.915625 0.0546875
0 0.5046875 0.85234375 0.91875 0.1125