5 0.27109375 0.4875 0.440625 0.896875
5 0.7484375 0.48671875 0.503125 0.9046875
3 0.2734375 0.29453125 0.4359375 0.2328125
4 0.2671875 0.2078125 0.4265625 0.05
0 0.275 0.31640625 0.4328125 0.1765625
3 0.278125 0.521875 0.44375 0.20625
4 0.2734375 0.43671875 0.45625 0.0359375
0 0.275 0.53671875 0.4484375 0.16875
3 0.27890625 0.709375 0.4453125 0.1421875
4 0.26953125 0.65859375 0.4546875 0.0484375
0 0.2765625 0.73125 0.4515625 0.09375
3 0.2671875 0.8609375 0.4484375 0.1375
4 0.26875 0.809375 0.4453125 0.034375
0 0.27265625 0.87734375 0.4546875 0.1046875
3 0.75390625 0.1265625 0.4921875 0.1375
3 0.75625 0.271875 0.4875 0.128125
3 0.75078125 0.54453125 0.4984375 0.4015625
4 0.75078125 0.08125 0.4984375 0.0421875
0 0.75390625 0.1453125 0.4921875 0.0921875
4 0.75390625 0.225 0.4921875 0.028125
0 0.75234375 0.28671875 0.4953125 0.0828125
4 0.74296875 0.39921875 0.4921875 0.10625
0 0.75234375 0.6 0.4953125 0.290625
0 0.27109375 0.11796875 0.4359375 0.125