3 0.25625 0.13515625 0.4828125 0.16875
3 0.259375 0.33046875 0.4828125 0.2171875
3 0.259375 0.55390625 0.4828125 0.209375
3 0.259375 0.76796875 0.4828125 0.1734375
2 0.7453125 0.146875 0.4796875 0.2
3 0.7453125 0.34921875 0.48125 0.1875
3 0.7453125 0.52578125 0.48125 0.1453125
3 0.7453125 0.6796875 0.48125 0.1578125
2 0.259375 0.9015625 0.4828125 0.0796875
5 0.25625 0.47734375 0.4828125 0.9234375
5 0.74375 0.47578125 0.4828125 0.9234375
0 0.25625 0.16875 0.4828125 0.1015625
0 0.2546875 0.3921875 0.4828125 0.0953125
0 0.259375 0.61171875 0.4828125 0.09375
0 0.259375 0.80390625 0.4828125 0.1015625
0 0.7453125 0.39375 0.48125 0.0984375
0 0.7453125 0.553125 0.48125 0.090625
0 0.7453125 0.7109375 0.48125 0.0953125
4 0.25625 0.08359375 0.4828125 0.0671875
4 0.259375 0.28125 0.4828125 0.11875
4 0.259375 0.50703125 0.4828125 0.115625
4 0.259375 0.7171875 0.4828125 0.0703125
4 0.7453125 0.30078125 0.48125 0.090625
4 0.7453125 0.4796875 0.48125 0.053125
4 0.7453125 0.6328125 0.48125 0.0625