5 0.515625 0.49765625 0.865625 0.8625
2 0.515625 0.14921875 0.865625 0.165625
5 0.515625 0.27421875 0.865625 0.0890625
3 0.515625 0.27421875 0.865625 0.0890625
3 0.51875 0.3671875 0.865625 0.0890625
3 0.51875 0.47578125 0.865625 0.1125
3 0.51875 0.59609375 0.865625 0.1109375
3 0.51875 0.79609375 0.865625 0.225
4 0.515625 0.27421875 0.865625 0.0890625
4 0.51875 0.3671875 0.865625 0.0890625
4 0.51875 0.47578125 0.865625 0.1125
4 0.51875 0.59609375 0.865625 0.1109375
4 0.51875 0.79609375 0.865625 0.225