5 0.4921875 0.565625 0.8671875 0.7734375
3 0.30390625 0.5 0.4078125 0.253125
4 0.3078125 0.4828125 0.40625 0.2140625
0 0.30234375 0.60546875 0.4171875 0.0421875
3 0.29765625 0.684375 0.4140625 0.1171875
4 0.30234375 0.6421875 0.4109375 0.0359375
0 0.29765625 0.69921875 0.4140625 0.0796875
3 0.30390625 0.8390625 0.4078125 0.2015625
4 0.30234375 0.8375 0.4 0.1921875
3 0.71484375 0.528125 0.3890625 0.321875
4 0.71640625 0.46328125 0.396875 0.1921875
0 0.71640625 0.6203125 0.396875 0.128125
3 0.72734375 0.81953125 0.41875 0.2453125
4 0.7296875 0.72421875 0.4109375 0.0703125
0 0.728125 0.85234375 0.4203125 0.1875
2 0.5015625 0.2875 0.815625 0.16875