5 0.2734375 0.46875 0.4921875 0.8015625
5 0.76328125 0.4796875 0.4734375 0.8
3 0.2734375 0.4 0.4921875 0.4109375
3 0.2734375 0.7390625 0.4921875 0.2609375
3 0.76328125 0.24453125 0.4734375 0.3421875
3 0.76328125 0.65546875 0.4734375 0.4421875
4 0.2734375 0.303125 0.4921875 0.215625
0 0.2734375 0.50859375 0.4921875 0.19375
4 0.2734375 0.7390625 0.4921875 0.2609375
4 0.76328125 0.159375 0.4734375 0.171875
0 0.76328125 0.33125 0.4734375 0.16875
4 0.76328125 0.5546875 0.4734375 0.240625
0 0.76328125 0.7734375 0.4734375 0.20625