5 0.4953125 0.475 0.921875 0.884375
3 0.50390625 0.1640625 0.921875 0.25
3 0.49765625 0.3796875 0.921875 0.1421875
3 0.49921875 0.546875 0.9078125 0.1390625
3 0.50390625 0.6984375 0.921875 0.1265625
3 0.50234375 0.8421875 0.91875 0.125
4 0.49765625 0.11484375 0.921875 0.14375
0 0.49375 0.23828125 0.9140625 0.0953125
4 0.49921875 0.3328125 0.9140625 0.046875
0 0.50390625 0.39921875 0.9109375 0.0984375
4 0.49765625 0.49375 0.90625 0.05
0 0.49765625 0.565625 0.915625 0.09375
4 0.496875 0.64609375 0.934375 0.0359375
0 0.49921875 0.71171875 0.925 0.0953125
4 0.496875 0.79140625 0.91875 0.028125
0 0.50390625 0.85390625 0.921875 0.0984375