5 0.5 0.471875 0.9109375 0.8875
3 0.5 0.10390625 0.9109375 0.1515625
3 0.5 0.28125 0.9109375 0.2
3 0.5 0.46953125 0.9109375 0.178125
3 0.5 0.640625 0.9109375 0.1734375
3 0.5 0.828125 0.9109375 0.1890625
4 0.5 0.046875 0.9109375 0.0375
4 0.5 0.22421875 0.9109375 0.084375
4 0.5 0.415625 0.9109375 0.06875
4 0.5 0.58359375 0.9109375 0.0578125
4 0.5 0.76640625 0.9109375 0.065625
0 0.5 0.1234375 0.9109375 0.1125
0 0.5 0.3234375 0.9109375 0.115625
0 0.5 0.50546875 0.9109375 0.10625
0 0.5 0.6703125 0.9109375 0.1140625
0 0.5 0.86015625 0.9109375 0.1234375