5 0.50390625 0.47421875 0.915625 0.86875
3 0.50078125 0.11484375 0.921875 0.14375
4 0.50234375 0.06328125 0.91875 0.0390625
0 0.50390625 0.1359375 0.921875 0.10625
3 0.50234375 0.2671875 0.91875 0.1203125
4 0.496875 0.21796875 0.91875 0.0203125
0 0.50234375 0.2796875 0.91875 0.1
3 0.49765625 0.55078125 0.9265625 0.1234375
4 0.496875 0.50078125 0.93125 0.028125
0 0.49921875 0.5625 0.91875 0.1046875
3 0.50234375 0.6953125 0.91875 0.1203125
4 0.50078125 0.6453125 0.921875 0.0203125
0 0.49765625 0.70546875 0.915625 0.0984375
3 0.496875 0.8375 0.91875 0.1265625
4 0.5046875 0.7875 0.925 0.0234375
0 0.50078125 0.8484375 0.915625 0.1046875
2 0.4984375 0.41484375 0.9171875 0.1375