5 0.5265625 0.4109375 0.875 0.7796875
3 0.525 0.19296875 0.878125 0.153125
3 0.52890625 0.34609375 0.8640625 0.1125
3 0.52890625 0.5296875 0.88125 0.23125
3 0.52734375 0.71328125 0.8828125 0.1203125
4 0.52265625 0.15390625 0.878125 0.0671875
0 0.52265625 0.228125 0.878125 0.0796875
4 0.53046875 0.30703125 0.85625 0.0453125
0 0.52890625 0.36796875 0.8640625 0.078125
4 0.53046875 0.4421875 0.8890625 0.0625
0 0.52734375 0.5578125 0.8734375 0.1703125
4 0.52265625 0.67421875 0.89375 0.0546875
0 0.52890625 0.73671875 0.8921875 0.075