5 0.29765625 0.5078125 0.403125 0.8765625
5 0.7046875 0.5078125 0.4171875 0.8765625
3 0.29765625 0.11015625 0.403125 0.0796875
4 0.29765625 0.09296875 0.403125 0.0453125
0 0.29765625 0.13203125 0.403125 0.0359375
5 0.29765625 0.25625 0.403125 0.2140625
4 0.29765625 0.221875 0.403125 0.1453125
0 0.29765625 0.328125 0.403125 0.0703125
3 0.29765625 0.4875 0.403125 0.2578125
4 0.29765625 0.4375 0.403125 0.1625
0 0.29765625 0.571875 0.403125 0.0984375
3 0.29765625 0.7125 0.403125 0.1890625
3 0.29765625 0.8765625 0.403125 0.13125
3 0.7140625 0.10859375 0.403125 0.08125
3 0.7140625 0.26015625 0.403125 0.221875
3 0.71328125 0.47734375 0.4 0.2125
3 0.71171875 0.74375 0.3984375 0.06875
3 0.7140625 0.85546875 0.403125 0.1609375
4 0.29765625 0.6765625 0.403125 0.1171875
0 0.29765625 0.76875 0.403125 0.078125
0 0.29765625 0.89296875 0.403125 0.09375
4 0.29765625 0.82890625 0.403125 0.04375
0 0.7140625 0.13203125 0.403125 0.0359375
4 0.7140625 0.08828125 0.403125 0.0515625
4 0.71171875 0.22421875 0.403125 0.153125
0 0.7171875 0.3375 0.403125 0.06875
4 0.71328125 0.4078125 0.3953125 0.08125
0 0.7140625 0.5125 0.3984375 0.1328125
4 0.7140625 0.79453125 0.403125 0.034375
0 0.7140625 0.87265625 0.403125 0.1265625
3 0.71328125 0.6421875 0.40625 0.1265625
4 0.71328125 0.6265625 0.40625 0.0953125
0 0.71328125 0.6859375 0.40625 0.0359375
4 0.71171875 0.72734375 0.3984375 0.0359375
0 0.71171875 0.75703125 0.3984375 0.034375