5 0.3109375 0.5109375 0.3890625 0.8609375
5 0.70546875 0.51484375 0.3890625 0.8609375
3 0.3109375 0.11875 0.3890625 0.075
3 0.3109375 0.1953125 0.3890625 0.075
3 0.3109375 0.29765625 0.3890625 0.1234375
3 0.3109375 0.6453125 0.3890625 0.1265625
3 0.3109375 0.471875 0.3890625 0.2125
3 0.3109375 0.75 0.3890625 0.075
3 0.3109375 0.8171875 0.3890625 0.053125
3 0.3109375 0.89375 0.3890625 0.0921875
3 0.70546875 0.11875 0.3890625 0.0703125
3 0.70546875 0.2109375 0.3890625 0.1015625
3 0.70546875 0.29765625 0.3890625 0.071875
3 0.70546875 0.3890625 0.3890625 0.0984375
3 0.70546875 0.51171875 0.3890625 0.1375
3 0.703125 0.6203125 0.3890625 0.06875
3 0.703125 0.71640625 0.3890625 0.1171875
3 0.7078125 0.89140625 0.3890625 0.0921875
3 0.703125 0.80859375 0.3890625 0.0671875
4 0.3109375 0.10078125 0.3890625 0.0375
4 0.3109375 0.2453125 0.3890625 0.0171875
4 0.3109375 0.175 0.3890625 0.0328125
4 0.3109375 0.4515625 0.3890625 0.171875
4 0.3109375 0.60703125 0.3890625 0.0515625
4 0.3109375 0.728125 0.3890625 0.03125
4 0.3109375 0.8 0.3890625 0.0171875
4 0.3109375 0.8703125 0.3890625 0.0453125
4 0.70546875 0.0984375 0.3890625 0.0296875
4 0.70546875 0.175 0.3890625 0.0296875
0 0.70546875 0.22578125 0.3890625 0.071875
4 0.70546875 0.2796875 0.3890625 0.0359375
4 0.70546875 0.37265625 0.3890625 0.0671875
4 0.70546875 0.4921875 0.3890625 0.0984375
4 0.70546875 0.6015625 0.3890625 0.0359375
4 0.703125 0.6953125 0.3890625 0.075
4 0.703125 0.79296875 0.3890625 0.0359375
4 0.7078125 0.89140625 0.3890625 0.0921875
0 0.3109375 0.1390625 0.3890625 0.0359375
0 0.3109375 0.21484375 0.3890625 0.0359375
0 0.3109375 0.30703125 0.3890625 0.10625
0 0.3109375 0.55859375 0.3890625 0.0390625
0 0.3109375 0.6703125 0.3890625 0.078125
0 0.3109375 0.76640625 0.3890625 0.0421875
0 0.3109375 0.825 0.3890625 0.0375
0 0.3109375 0.91796875 0.3890625 0.04375
0 0.70546875 0.31484375 0.3890625 0.0390625
0 0.70546875 0.12890625 0.3890625 0.0515625
0 0.70546875 0.4203125 0.3890625 0.0359375
0 0.70546875 0.55859375 0.3890625 0.04375
0 0.703125 0.63359375 0.3890625 0.0421875
0 0.703125 0.75703125 0.3890625 0.0359375
0 0.703125 0.82578125 0.3890625 0.03125