5 0.5046875 0.478125 0.9109375 0.8828125
3 0.5046875 0.09296875 0.9109375 0.1125
3 0.49921875 0.21171875 0.9109375 0.1125
3 0.5046875 0.32421875 0.9109375 0.1046875
3 0.5078125 0.5734375 0.9109375 0.2171875
3 0.49921875 0.83359375 0.9109375 0.1609375
0 0.5046875 0.09296875 0.9109375 0.1125
0 0.49921875 0.21171875 0.9109375 0.1125
0 0.5046875 0.32421875 0.9109375 0.1046875
0 0.50625 0.6296875 0.9109375 0.1046875
0 0.49921875 0.8609375 0.9109375 0.1078125
2 0.5046875 0.415625 0.9109375 0.0765625
2 0.50625 0.71484375 0.9109375 0.0671875