5 0.50078125 0.59453125 0.7984375 0.7328125
2 0.50078125 0.30390625 0.7984375 0.1515625
3 0.30390625 0.6703125 0.3875 0.5609375
3 0.70078125 0.6703125 0.3984375 0.5609375
2 0.30390625 0.53359375 0.3875 0.2859375
3 0.30390625 0.71875 0.3875 0.0859375
4 0.30390625 0.7015625 0.3875 0.0546875
0 0.30390625 0.74296875 0.3875 0.034375
3 0.30390625 0.803125 0.3875 0.0828125
4 0.30390625 0.78515625 0.3875 0.0484375
0 0.30390625 0.82421875 0.3875 0.0390625
3 0.30390625 0.89765625 0.3875 0.10625
4 0.30390625 0.86796875 0.3875 0.0484375
0 0.30390625 0.9203125 0.3875 0.0609375
3 0.70078125 0.42734375 0.3984375 0.075
4 0.70078125 0.40546875 0.3984375 0.03125
0 0.70078125 0.4375 0.3984375 0.0421875
3 0.70078125 0.50078125 0.3984375 0.0890625
4 0.70078125 0.48046875 0.3984375 0.0484375
4 0.70078125 0.52265625 0.3984375 0.0421875
3 0.70078125 0.59453125 0.3984375 0.109375
4 0.70078125 0.55078125 0.3984375 0.0234375
0 0.70078125 0.60703125 0.3984375 0.0859375
3 0.70078125 0.73671875 0.3984375 0.1703125
4 0.70078125 0.70234375 0.3984375 0.1015625
0 0.70078125 0.784375 0.3984375 0.0703125
3 0.70078125 0.8609375 0.3984375 0.0921875
3 0.70078125 0.84296875 0.3984375 0.05625
0 0.70078125 0.8875 0.3984375 0.0421875