5 0.49921875 0.47578125 0.91875 0.89375
3 0.49921875 0.12421875 0.91875 0.190625
3 0.49921875 0.33203125 0.91875 0.1953125
3 0.49921875 0.4921875 0.91875 0.0984375
3 0.49921875 0.59765625 0.91875 0.09375
3 0.49921875 0.709375 0.91875 0.0859375
4 0.49921875 0.0671875 0.91875 0.0765625
0 0.49921875 0.1609375 0.91875 0.1140625
4 0.49921875 0.2796875 0.91875 0.090625
0 0.49921875 0.375 0.91875 0.109375
3 0.49921875 0.4921875 0.91875 0.0984375
4 0.49921875 0.46640625 0.91875 0.046875
0 0.49921875 0.51484375 0.91875 0.053125
4 0.49921875 0.57578125 0.91875 0.0515625
0 0.49921875 0.621875 0.91875 0.04375
4 0.49921875 0.68671875 0.91875 0.0421875
0 0.49921875 0.72734375 0.91875 0.05
2 0.50078125 0.83515625 0.90625 0.1578125