5 0.49375 0.5 0.8375 0.8375
3 0.49140625 0.17578125 0.8328125 0.1671875
3 0.49140625 0.2953125 0.8328125 0.075
3 0.49140625 0.37109375 0.8375 0.05625
3 0.4953125 0.440625 0.825 0.078125
3 0.49375 0.5296875 0.828125 0.090625
3 0.49140625 0.6171875 0.8375 0.0796875
3 0.49140625 0.6875 0.8375 0.06875
3 0.49140625 0.74609375 0.8375 0.0390625
3 0.49140625 0.8171875 0.8375 0.096875
0 0.49140625 0.17578125 0.8328125 0.1671875
0 0.49140625 0.2953125 0.8328125 0.075
0 0.49140625 0.37109375 0.8375 0.05625
0 0.4953125 0.440625 0.825 0.078125
0 0.49375 0.5296875 0.828125 0.090625
0 0.49140625 0.6171875 0.8375 0.0796875
0 0.49140625 0.6875 0.8375 0.06875
0 0.49140625 0.74609375 0.8375 0.0390625
0 0.49140625 0.8171875 0.8375 0.096875