5 0.290625 0.5 0.3953125 0.69375
5 0.7140625 0.503125 0.3953125 0.6953125
3 0.28984375 0.29296875 0.39375 0.28125
3 0.2875 0.52890625 0.39375 0.175
3 0.7125 0.2078125 0.3953125 0.103125
3 0.7125 0.33828125 0.3953125 0.146875
3 0.71328125 0.5203125 0.396875 0.2
3 0.28984375 0.73671875 0.396875 0.2234375
3 0.71328125 0.7375 0.396875 0.2234375
4 0.290625 0.26015625 0.3921875 0.2125
4 0.71015625 0.1640625 0.3984375 0.01875
4 0.71328125 0.31484375 0.396875 0.1015625
4 0.71484375 0.48046875 0.396875 0.1171875
4 0.7125 0.69140625 0.3953125 0.13125
4 0.2875 0.6609375 0.396875 0.0734375
4 0.28984375 0.4515625 0.390625 0.0203125
0 0.2890625 0.77265625 0.4 0.15
0 0.7125 0.803125 0.3953125 0.0921875
0 0.2890625 0.5375 0.3921875 0.153125
0 0.7125 0.58125 0.4 0.078125
0 0.7109375 0.38828125 0.396875 0.0453125
0 0.28984375 0.4 0.39375 0.0671875
2 0.49921875 0.12734375 0.8125 0.04375
0 0.7125 0.21796875 0.3953125 0.0859375