5 0.5046875 0.4953125 0.9046875 0.865625
3 0.503125 0.12109375 0.9046875 0.1609375
3 0.503125 0.3921875 0.9046875 0.134375
3 0.503125 0.540625 0.9046875 0.140625
3 0.503125 0.6796875 0.9046875 0.1328125
3 0.503125 0.8296875 0.9046875 0.153125
4 0.503125 0.06328125 0.9046875 0.0453125
4 0.503125 0.3390625 0.9046875 0.028125
4 0.503125 0.48125 0.9046875 0.021875
4 0.503125 0.62421875 0.9046875 0.021875
4 0.503125 0.77890625 0.9046875 0.05
0 0.503125 0.14453125 0.9046875 0.115625
0 0.503125 0.403125 0.9046875 0.1046875
0 0.503125 0.55390625 0.9046875 0.115625
0 0.503125 0.6921875 0.9046875 0.10625
0 0.503125 0.85546875 0.9046875 0.1015625
2 0.503125 0.2578125 0.9046875 0.1109375