5 0.721875 0.5171875 0.421875 0.875
5 0.30078125 0.5171875 0.409375 0.875
3 0.30078125 0.109375 0.409375 0.0546875
3 0.30078125 0.22734375 0.409375 0.178125
3 0.30078125 0.38125 0.409375 0.1171875
3 0.30078125 0.5015625 0.409375 0.1171875
3 0.30078125 0.621875 0.409375 0.1140625
3 0.30078125 0.71640625 0.409375 0.0671875
3 0.30078125 0.80546875 0.409375 0.1
3 0.30078125 0.903125 0.409375 0.0875
3 0.721875 0.11796875 0.421875 0.0765625
3 0.721875 0.21171875 0.421875 0.103125
3 0.721875 0.3015625 0.421875 0.06875
3 0.721875 0.37421875 0.421875 0.06875
3 0.721875 0.4515625 0.421875 0.0828125
3 0.721875 0.54765625 0.421875 0.1
3 0.71953125 0.90390625 0.421875 0.078125
3 0.721875 0.659375 0.421875 0.1140625
3 0.721875 0.790625 0.421875 0.140625
4 0.721875 0.75546875 0.421875 0.0703125
4 0.721875 0.64375 0.421875 0.084375
4 0.721875 0.53046875 0.421875 0.0640625
4 0.721875 0.43359375 0.421875 0.046875
4 0.721875 0.35546875 0.421875 0.03125
4 0.721875 0.28203125 0.421875 0.0296875
4 0.721875 0.17578125 0.421875 0.03125
4 0.71953125 0.90390625 0.421875 0.078125
4 0.721875 0.09765625 0.421875 0.0359375
4 0.30078125 0.875 0.409375 0.03125
4 0.30078125 0.771875 0.409375 0.03125
4 0.30078125 0.69921875 0.409375 0.03125
4 0.30078125 0.571875 0.409375 0.015625
4 0.30078125 0.45703125 0.409375 0.028125
4 0.30078125 0.3375 0.409375 0.03125
4 0.30078125 0.209375 0.409375 0.140625
0 0.30078125 0.109375 0.409375 0.0546875
0 0.30078125 0.2984375 0.409375 0.0359375
0 0.30078125 0.39609375 0.409375 0.0859375
0 0.30078125 0.51640625 0.409375 0.0875
0 0.30078125 0.62890625 0.409375 0.1015625
0 0.30078125 0.734375 0.409375 0.03125
0 0.30078125 0.8234375 0.409375 0.0640625
0 0.721875 0.22734375 0.421875 0.071875
0 0.721875 0.1359375 0.421875 0.0421875
0 0.721875 0.31640625 0.421875 0.0390625
0 0.721875 0.3890625 0.421875 0.0390625
0 0.721875 0.4765625 0.421875 0.03125
0 0.721875 0.57890625 0.421875 0.0359375
0 0.721875 0.70234375 0.421875 0.028125
0 0.721875 0.82578125 0.421875 0.0703125
0 0.30078125 0.921875 0.409375 0.0515625