5 0.30625 0.46875 0.4296875 0.8046875
5 0.74140625 0.46875 0.4265625 0.8046875
3 0.30625 0.23359375 0.4296875 0.334375
4 0.30625 0.11953125 0.4296875 0.10625
0 0.30625 0.28515625 0.4296875 0.23125
3 0.30625 0.6265625 0.4296875 0.45625
4 0.30625 0.54375 0.4296875 0.2890625
0 0.30625 0.771875 0.4296875 0.165625
3 0.74140625 0.25546875 0.4265625 0.378125
4 0.74140625 0.1609375 0.4265625 0.1890625
0 0.74140625 0.34765625 0.4265625 0.19375
3 0.74140625 0.6484375 0.4265625 0.409375
4 0.74140625 0.5515625 0.4265625 0.215625
0 0.74140625 0.75703125 0.4265625 0.1828125