5 0.26953125 0.5046875 0.4296875 0.775
5 0.728125 0.50625 0.4296875 0.775
3 0.26953125 0.75 0.4296875 0.284375
3 0.728125 0.8203125 0.4296875 0.1453125
3 0.26953125 0.52109375 0.4296875 0.159375
3 0.26953125 0.35390625 0.4296875 0.1484375
3 0.26953125 0.19296875 0.4296875 0.1515625
3 0.728125 0.48515625 0.4296875 0.196875
3 0.728125 0.3203125 0.4296875 0.121875
3 0.728125 0.18515625 0.4296875 0.134375
3 0.728125 0.66484375 0.4296875 0.1484375
0 0.26953125 0.2203125 0.4296875 0.0953125
4 0.26953125 0.14453125 0.4296875 0.0546875
0 0.26953125 0.38203125 0.4296875 0.0921875
4 0.26953125 0.30703125 0.4296875 0.0546875
0 0.26953125 0.55234375 0.4296875 0.0953125
4 0.26953125 0.47265625 0.4296875 0.0625
0 0.26953125 0.8296875 0.4296875 0.125
4 0.26953125 0.6859375 0.4296875 0.1578125
0 0.728125 0.20546875 0.4296875 0.090625
4 0.728125 0.13828125 0.4296875 0.040625
0 0.728125 0.33515625 0.4296875 0.0921875
4 0.728125 0.2734375 0.4296875 0.028125
0 0.728125 0.5046875 0.4296875 0.159375
4 0.728125 0.4046875 0.4296875 0.0375
0 0.728125 0.68984375 0.4296875 0.0984375
4 0.728125 0.61484375 0.4296875 0.0484375
0 0.728125 0.84453125 0.4296875 0.0984375
4 0.728125 0.771875 0.4296875 0.0484375