5 0.496875 0.4765625 0.91875 0.890625
3 0.496875 0.10859375 0.91875 0.1546875
3 0.496875 0.25859375 0.91875 0.13125
3 0.496875 0.3890625 0.91875 0.125
3 0.496875 0.628125 0.91875 0.1609375
3 0.496875 0.80859375 0.91875 0.1953125
4 0.496875 0.0578125 0.91875 0.053125
4 0.496875 0.209375 0.91875 0.03125
4 0.496875 0.3421875 0.91875 0.03125
4 0.496875 0.57578125 0.91875 0.0625
4 0.496875 0.75390625 0.91875 0.0859375
0 0.496875 0.13359375 0.91875 0.1046875
0 0.496875 0.271875 0.91875 0.10625
0 0.496875 0.403125 0.91875 0.096875
0 0.496875 0.65703125 0.91875 0.1046875
0 0.496875 0.84765625 0.91875 0.1171875
2 0.496875 0.4984375 0.91875 0.090625