5 0.53203125 0.48671875 0.8484375 0.8578125
3 0.53203125 0.1203125 0.8484375 0.125
4 0.53203125 0.1203125 0.8484375 0.125
3 0.53203125 0.23046875 0.8484375 0.0875
4 0.53203125 0.23046875 0.8484375 0.0875
3 0.53203125 0.3328125 0.8484375 0.1234375
4 0.53203125 0.3328125 0.8484375 0.1234375
3 0.53203125 0.45859375 0.8484375 0.128125
4 0.53203125 0.45859375 0.8484375 0.128125
3 0.53203125 0.58359375 0.8484375 0.11875
4 0.53203125 0.58359375 0.8484375 0.11875
3 0.53203125 0.7203125 0.8484375 0.1609375
4 0.53203125 0.7203125 0.8484375 0.1609375