5 0.28828125 0.5 0.3953125 0.69375
5 0.70703125 0.49921875 0.3921875 0.6984375
3 0.2859375 0.2234375 0.3953125 0.1421875
3 0.70625 0.2234375 0.3921875 0.146875
3 0.2859375 0.39453125 0.3953125 0.159375
3 0.7078125 0.40703125 0.3953125 0.1859375
3 0.28671875 0.58203125 0.396875 0.1640625
3 0.70546875 0.59296875 0.390625 0.1609375
3 0.2859375 0.76640625 0.3953125 0.1625
3 0.70625 0.76640625 0.3921875 0.1671875
4 0.2859375 0.17109375 0.3953125 0.0375
4 0.70546875 0.17890625 0.3953125 0.059375
4 0.70625 0.3578125 0.3921875 0.090625
4 0.70546875 0.54921875 0.390625 0.0734375
4 0.2859375 0.3421875 0.3953125 0.053125
4 0.2859375 0.528125 0.3953125 0.059375
4 0.2890625 0.7171875 0.3921875 0.0625
4 0.70546875 0.696875 0.390625 0.028125
0 0.70546875 0.7796875 0.390625 0.1390625
0 0.70625 0.62890625 0.3921875 0.0859375
0 0.70625 0.4515625 0.3921875 0.0984375
0 0.70546875 0.2515625 0.3953125 0.0875
0 0.2859375 0.24296875 0.3953125 0.103125
0 0.28515625 0.42421875 0.396875 0.103125
0 0.2890625 0.61171875 0.3890625 0.1015625
0 0.2875 0.79921875 0.3953125 0.0921875
2 0.49453125 0.13046875 0.8140625 0.0375