5 0.29375 0.4671875 0.3953125 0.7671875
5 0.7125 0.46796875 0.3921875 0.76875
3 0.2921875 0.1546875 0.396875 0.1421875
3 0.71171875 0.1359375 0.390625 0.1046875
3 0.71171875 0.25234375 0.39375 0.1203125
3 0.7109375 0.390625 0.3921875 0.14375
3 0.7109375 0.5296875 0.3953125 0.1234375
3 0.7109375 0.72421875 0.3953125 0.25625
3 0.2921875 0.37265625 0.3953125 0.2734375
3 0.29296875 0.59921875 0.396875 0.159375
3 0.2921875 0.76875 0.3953125 0.1609375
4 0.290625 0.11484375 0.3953125 0.065625
4 0.71171875 0.11953125 0.390625 0.0703125
4 0.2921875 0.29453125 0.3953125 0.11875
4 0.7125 0.221875 0.39375 0.059375
4 0.7109375 0.3515625 0.39375 0.065625
4 0.7109375 0.49921875 0.39375 0.0625
4 0.29296875 0.56015625 0.396875 0.0828125
4 0.7109375 0.68359375 0.39375 0.1765625
4 0.29140625 0.7328125 0.39375 0.090625
0 0.7109375 0.8125 0.39375 0.08125
0 0.29140625 0.81328125 0.396875 0.071875
0 0.2921875 0.63984375 0.3984375 0.0765625
0 0.7109375 0.56171875 0.3953125 0.059375
0 0.2921875 0.18671875 0.3953125 0.078125
0 0.71171875 0.17109375 0.390625 0.0328125
0 0.7125 0.28203125 0.3921875 0.0609375
0 0.29140625 0.43125 0.396875 0.15625
0 0.71171875 0.4234375 0.390625 0.0765625