5 0.2953125 0.51484375 0.4140625 0.8796875
5 0.70390625 0.5125 0.403125 0.8875
1 0.2953125 0.3296875 0.4140625 0.5109375
3 0.2953125 0.6234375 0.4140625 0.0640625
4 0.2953125 0.60859375 0.4140625 0.03125
0 0.2953125 0.63984375 0.4140625 0.0359375
3 0.2953125 0.73046875 0.4140625 0.15
4 0.2953125 0.6828125 0.4140625 0.05
0 0.2953125 0.753125 0.4140625 0.0984375
3 0.2953125 0.8734375 0.4140625 0.1375
4 0.2953125 0.82265625 0.4140625 0.0359375
0 0.2953125 0.88984375 0.4140625 0.1046875
3 0.70390625 0.128125 0.403125 0.1203125
4 0.70390625 0.0921875 0.403125 0.0484375
0 0.70390625 0.1546875 0.403125 0.0734375
3 0.70390625 0.24296875 0.403125 0.1078125
4 0.70390625 0.19609375 0.403125 0.01875
0 0.70390625 0.25 0.403125 0.0859375
3 0.70390625 0.35 0.403125 0.10625
4 0.70390625 0.31328125 0.403125 0.034375
0 0.70390625 0.36328125 0.403125 0.0796875
3 0.70390625 0.471875 0.403125 0.1484375
4 0.70390625 0.4359375 0.403125 0.075
0 0.70390625 0.50625 0.403125 0.0796875
3 0.70390625 0.60390625 0.403125 0.1203125
4 0.70390625 0.571875 0.403125 0.05625
0 0.70390625 0.63046875 0.403125 0.0671875
3 0.70390625 0.74375 0.403125 0.1640625
4 0.70390625 0.68046875 0.403125 0.0375
0 0.70390625 0.759375 0.403125 0.128125
3 0.70390625 0.88046875 0.403125 0.1234375
4 0.70390625 0.8390625 0.403125 0.0390625
0 0.70390625 0.8984375 0.403125 0.0828125