5 0.29765625 0.48828125 0.3703125 0.7734375
5 0.703125 0.4890625 0.3703125 0.775
3 0.29765625 0.171875 0.36875 0.140625
3 0.70234375 0.16875 0.3703125 0.1359375
3 0.7015625 0.303125 0.3671875 0.1109375
3 0.29609375 0.33203125 0.36875 0.146875
3 0.70234375 0.47734375 0.3671875 0.203125
3 0.29765625 0.57421875 0.371875 0.2921875
3 0.70234375 0.653125 0.3703125 0.1234375
3 0.703125 0.80546875 0.365625 0.14375
3 0.296875 0.80546875 0.3671875 0.1375
4 0.296875 0.1234375 0.36875 0.04375
4 0.7015625 0.1140625 0.3703125 0.0265625
4 0.2953125 0.28125 0.3703125 0.0453125
4 0.703125 0.25859375 0.36875 0.025
4 0.296875 0.4578125 0.3734375 0.0609375
4 0.703125 0.3859375 0.36875 0.01875
4 0.7015625 0.61171875 0.3703125 0.040625
4 0.2953125 0.75859375 0.3671875 0.0421875
4 0.70390625 0.7625 0.3671875 0.0625
0 0.296875 0.19453125 0.3703125 0.0921875
0 0.7015625 0.1828125 0.3703125 0.10625
0 0.29609375 0.35625 0.371875 0.1
0 0.7015625 0.315625 0.3640625 0.0859375
0 0.70234375 0.48828125 0.36875 0.18125
0 0.29609375 0.60546875 0.371875 0.23125
0 0.70234375 0.6734375 0.3703125 0.0828125
0 0.29609375 0.82734375 0.36875 0.090625
0 0.70234375 0.8359375 0.3640625 0.08125