5 0.29921875 0.509375 0.4 0.8859375
5 0.7140625 0.509375 0.4140625 0.8859375
3 0.29921875 0.17421875 0.4 0.215625
4 0.29921875 0.15546875 0.4 0.178125
0 0.29921875 0.26171875 0.4 0.0421875
3 0.29921875 0.32578125 0.4 0.0921875
3 0.29921875 0.290625 0.4 0.0203125
0 0.29921875 0.33515625 0.4 0.0734375
3 0.29921875 0.496875 0.4 0.25625
4 0.29921875 0.45 0.4 0.1625
0 0.29921875 0.578125 0.4 0.09375
3 0.29921875 0.78359375 0.4 0.3171875
4 0.29921875 0.76484375 0.4 0.271875
0 0.29921875 0.91796875 0.4 0.0484375
3 0.7140625 0.09140625 0.4140625 0.05
0 0.7140625 0.09140625 0.4140625 0.05
3 0.7140625 0.159375 0.4140625 0.0953125
4 0.7140625 0.12421875 0.4140625 0.025
3 0.7140625 0.29765625 0.4140625 0.1890625
4 0.7140625 0.12421875 0.4140625 0.025
0 0.7140625 0.1671875 0.4140625 0.0734375
4 0.7140625 0.27578125 0.4140625 0.1453125
0 0.7140625 0.3671875 0.4140625 0.05
3 0.7140625 0.496875 0.4140625 0.221875
4 0.7140625 0.4625 0.4140625 0.153125
0 0.7140625 0.5703125 0.4140625 0.0625
3 0.7140625 0.74296875 0.4140625 0.2859375
4 0.7140625 0.6921875 0.4140625 0.184375
0 0.7140625 0.8359375 0.4140625 0.1046875