5 0.49765625 0.47265625 0.9 0.859375
3 0.50390625 0.10078125 0.921875 0.109375
3 0.4953125 0.228125 0.915625 0.1171875
3 0.5078125 0.56953125 0.91875 0.1140625
3 0.49921875 0.70625 0.9078125 0.1265625
3 0.48984375 0.84609375 0.90625 0.1078125
4 0.4953125 0.05703125 0.9265625 0.015625
0 0.49765625 0.11015625 0.921875 0.0953125
4 0.48984375 0.178125 0.915625 0.025
0 0.50234375 0.23828125 0.91875 0.0953125
4 0.50625 0.521875 0.915625 0.0234375
0 0.49921875 0.58203125 0.91875 0.0890625
4 0.50234375 0.6578125 0.903125 0.0375
0 0.49375 0.721875 0.91875 0.0875
4 0.49921875 0.79453125 0.925 0.025
0 0.49140625 0.85234375 0.896875 0.0875
2 0.50234375 0.39921875 0.91875 0.2140625