5 0.50078125 0.503125 0.9203125 0.9390625
3 0.50078125 0.1046875 0.9203125 0.1421875
3 0.50078125 0.25 0.9203125 0.1453125
3 0.50078125 0.8328125 0.9203125 0.1546875
3 0.50078125 0.6828125 0.9203125 0.1390625
3 0.50078125 0.540625 0.9203125 0.140625
3 0.50078125 0.39765625 0.9203125 0.1421875
4 0.50078125 0.05234375 0.9203125 0.0390625
0 0.50078125 0.12421875 0.9203125 0.1046875
4 0.50078125 0.19453125 0.9203125 0.034375
0 0.50078125 0.26875 0.9203125 0.1078125
4 0.50078125 0.33984375 0.9203125 0.028125
0 0.50078125 0.4125 0.9203125 0.1140625
4 0.50078125 0.48671875 0.9203125 0.03125
0 0.50078125 0.5578125 0.9203125 0.10625
4 0.50078125 0.6296875 0.9203125 0.034375
0 0.50078125 0.7 0.9203125 0.1046875
4 0.50078125 0.77578125 0.9203125 0.0390625
0 0.50078125 0.85234375 0.9203125 0.115625