5 0.49921875 0.5234375 0.69375 0.7640625
3 0.49765625 0.1875 0.6921875 0.0921875
3 0.4984375 0.40859375 0.690625 0.25625
3 0.50078125 0.6140625 0.6921875 0.059375
3 0.4984375 0.753125 0.690625 0.128125
3 0.5 0.88515625 0.690625 0.046875
3 0.8515625 0.8875 0.00625 0.0015625
2 0.4953125 0.11875 0.69375 0.0328125
4 0.49765625 0.1875 0.6921875 0.0921875
4 0.4984375 0.40859375 0.690625 0.25625
4 0.50078125 0.6140625 0.6921875 0.059375
4 0.4984375 0.753125 0.690625 0.128125
4 0.5 0.88515625 0.690625 0.046875