5 0.50078125 0.46640625 0.915625 0.8828125
1 0.50078125 0.05390625 0.915625 0.04375
1 0.49765625 0.10078125 0.90625 0.0375
1 0.4953125 0.13984375 0.915625 0.025
1 0.4953125 0.1765625 0.915625 0.025
1 0.4953125 0.21953125 0.915625 0.0265625
1 0.496875 0.25859375 0.903125 0.0265625
1 0.49296875 0.3 0.915625 0.0265625
1 0.50078125 0.346875 0.915625 0.0265625
1 0.50078125 0.8796875 0.915625 0.034375
1 0.50078125 0.83984375 0.915625 0.0390625
1 0.50078125 0.79609375 0.915625 0.034375
1 0.50078125 0.75859375 0.915625 0.034375
1 0.50078125 0.59296875 0.915625 0.2875
1 0.50078125 0.42421875 0.915625 0.04375
1 0.50078125 0.3828125 0.915625 0.0359375
3 0.50078125 0.46640625 0.915625 0.8828125