5 0.2890625 0.5 0.3875 0.6890625
5 0.7203125 0.49921875 0.3890625 0.6875
3 0.28984375 0.2109375 0.3890625 0.109375
3 0.71953125 0.24375 0.3890625 0.1765625
3 0.2890625 0.35078125 0.3875 0.15
3 0.71875 0.4390625 0.390625 0.190625
3 0.28984375 0.565625 0.3875 0.25
3 0.71953125 0.6953125 0.3890625 0.29375
3 0.28828125 0.7703125 0.3859375 0.1484375
2 0.503125 0.13125 0.8140625 0.0453125
4 0.28984375 0.16875 0.3890625 0.025
0 0.28984375 0.221875 0.3890625 0.0875
4 0.71953125 0.2 0.3890625 0.090625
0 0.71953125 0.28828125 0.3890625 0.0859375
4 0.2890625 0.30078125 0.3875 0.0515625
0 0.2890625 0.3765625 0.3875 0.096875
4 0.71875 0.36328125 0.390625 0.0375
0 0.71875 0.45859375 0.390625 0.1484375
4 0.28984375 0.50625 0.3875 0.1328125
0 0.28984375 0.63359375 0.3875 0.1140625
4 0.71953125 0.5765625 0.3890625 0.05625
0 0.71953125 0.7234375 0.3890625 0.2375
4 0.28828125 0.7328125 0.3859375 0.071875
0 0.28828125 0.80703125 0.3859375 0.075