5 0.50625 0.496875 0.93125 0.84375
3 0.50546875 0.2671875 0.9265625 0.1046875
3 0.50546875 0.3765625 0.9265625 0.1046875
3 0.50546875 0.471875 0.9265625 0.08125
3 0.50703125 0.553125 0.9265625 0.08125
3 0.50703125 0.665625 0.9265625 0.1359375
3 0.509375 0.8125 0.9265625 0.14375
4 0.509375 0.8125 0.9265625 0.14375
4 0.50703125 0.665625 0.9265625 0.1359375
4 0.50703125 0.553125 0.9265625 0.08125
4 0.50546875 0.471875 0.9265625 0.08125
4 0.50546875 0.3765625 0.9265625 0.1046875
4 0.50546875 0.2671875 0.9265625 0.1046875
2 0.50546875 0.1421875 0.9265625 0.1265625