5 0.25625 0.47734375 0.4828125 0.9234375
5 0.7453125 0.47734375 0.48125 0.9234375
3 0.25625 0.08671875 0.4828125 0.1421875
3 0.259375 0.22578125 0.4828125 0.115625
3 0.259375 0.35546875 0.4828125 0.1296875
3 0.259375 0.49765625 0.4828125 0.1375
3 0.74375 0.12421875 0.4828125 0.1828125
3 0.7453125 0.38828125 0.48125 0.1296875
3 0.7453125 0.540625 0.48125 0.15
3 0.7453125 0.69765625 0.48125 0.1359375
3 0.259375 0.640625 0.4828125 0.1375
3 0.259375 0.771875 0.4828125 0.115625
3 0.259375 0.87421875 0.4828125 0.0875
3 0.7453125 0.84453125 0.48125 0.153125
2 0.25625 0.08671875 0.4828125 0.1421875
0 0.259375 0.23671875 0.4828125 0.0921875
0 0.259375 0.37578125 0.4828125 0.090625
0 0.259375 0.5203125 0.4828125 0.0921875
0 0.74375 0.1671875 0.4828125 0.0984375
0 0.7453125 0.38828125 0.48125 0.1296875
0 0.7453125 0.540625 0.48125 0.15
0 0.7453125 0.69765625 0.48125 0.1359375
0 0.259375 0.66171875 0.4828125 0.0953125
0 0.259375 0.78515625 0.4828125 0.0875
0 0.259375 0.87421875 0.4828125 0.0875
0 0.7453125 0.84453125 0.48125 0.153125
4 0.259375 0.17890625 0.4828125 0.0234375
4 0.259375 0.31015625 0.4828125 0.0390625
4 0.259375 0.45078125 0.4828125 0.0453125
4 0.74375 0.07421875 0.4828125 0.0828125
4 0.7453125 0.34453125 0.48125 0.0421875
4 0.7453125 0.4953125 0.48125 0.0578125
4 0.7453125 0.6484375 0.48125 0.0375
4 0.259375 0.59296875 0.4828125 0.04375
4 0.259375 0.728125 0.4828125 0.028125
4 0.7453125 0.79921875 0.48125 0.0640625