5 0.2890625 0.4578125 0.3875 0.784375
5 0.7125 0.4578125 0.38125 0.78125
3 0.28828125 0.13828125 0.3859375 0.1453125
3 0.71171875 0.14609375 0.38125 0.1578125
3 0.28984375 0.2703125 0.384375 0.0921875
3 0.71171875 0.38125 0.38125 0.2734375
3 0.28984375 0.45234375 0.3859375 0.24375
3 0.28984375 0.6359375 0.3859375 0.109375
3 0.7125 0.69375 0.3796875 0.3078125
3 0.2890625 0.77734375 0.3875 0.146875
4 0.28984375 0.10078125 0.3859375 0.0703125
4 0.71171875 0.12109375 0.38125 0.1109375
4 0.71171875 0.3578125 0.38125 0.228125
4 0.28828125 0.23359375 0.3859375 0.0203125
4 0.2890625 0.40625 0.3875 0.153125
4 0.2890625 0.6171875 0.3875 0.0734375
4 0.7125 0.5671875 0.3796875 0.0578125
4 0.28984375 0.73984375 0.3890625 0.071875
0 0.7125 0.72265625 0.3796875 0.2515625
0 0.2890625 0.671875 0.3875 0.0359375
0 0.2890625 0.8125 0.3875 0.0734375
0 0.71171875 0.49453125 0.378125 0.04375
0 0.2890625 0.528125 0.384375 0.0890625
0 0.71328125 0.2 0.378125 0.0484375
0 0.28828125 0.17265625 0.3859375 0.071875
0 0.2890625 0.2796875 0.3875 0.0703125