5 0.496875 0.47109375 0.9140625 0.8765625
3 0.50078125 0.1453125 0.90625 0.228125
3 0.496875 0.3703125 0.9140625 0.196875
3 0.49921875 0.578125 0.9140625 0.1859375
3 0.49921875 0.8 0.91875 0.221875
4 0.4953125 0.07578125 0.90625 0.078125
0 0.49765625 0.18984375 0.9109375 0.14375
4 0.49375 0.3125 0.91875 0.08125
0 0.496875 0.40859375 0.925 0.1203125
4 0.4953125 0.52578125 0.915625 0.08125
0 0.496875 0.61796875 0.9140625 0.1078125
4 0.4953125 0.74609375 0.915625 0.10625
0 0.5015625 0.85078125 0.9125 0.1078125