5 0.2796875 0.48046875 0.45625 0.8
5 0.7359375 0.475 0.4328125 0.796875
3 0.28046875 0.171875 0.4515625 0.190625
3 0.284375 0.37265625 0.4484375 0.203125
3 0.28125 0.58125 0.4578125 0.203125
3 0.7390625 0.40234375 0.4328125 0.1390625
3 0.73125 0.7578125 0.434375 0.23125
3 0.28125 0.778125 0.4578125 0.190625
3 0.7390625 0.55703125 0.4328125 0.1734375
2 0.7390625 0.2078125 0.4328125 0.2515625
0 0.26953125 0.2140625 0.4515625 0.090625
0 0.284375 0.4296875 0.4484375 0.090625
0 0.28125 0.63515625 0.4578125 0.0953125
0 0.7390625 0.4171875 0.4328125 0.109375
0 0.73125 0.8265625 0.434375 0.09375
0 0.28125 0.821875 0.4578125 0.103125
0 0.7390625 0.58125 0.4328125 0.1234375
4 0.28046875 0.12109375 0.4515625 0.0875
4 0.284375 0.32734375 0.4484375 0.1125
4 0.28125 0.534375 0.4578125 0.109375
4 0.7390625 0.34765625 0.4328125 0.03125
4 0.73125 0.71015625 0.434375 0.1359375
4 0.28125 0.72734375 0.4578125 0.0875
4 0.7390625 0.4953125 0.4328125 0.05