5 0.49609375 0.478125 0.8984375 0.8734375
3 0.49609375 0.35859375 0.8984375 0.14375
3 0.49609375 0.52265625 0.8984375 0.178125
3 0.49609375 0.69765625 0.8984375 0.1484375
3 0.49609375 0.85078125 0.8984375 0.1328125
0 0.49609375 0.37265625 0.8984375 0.115625
0 0.49609375 0.5625 0.8984375 0.0984375
0 0.49609375 0.71875 0.8984375 0.10625
0 0.49609375 0.86015625 0.8984375 0.1125
4 0.49609375 0.3015625 0.8984375 0.028125
4 0.49609375 0.4734375 0.8984375 0.0796875
4 0.49609375 0.6453125 0.8984375 0.04375
4 0.49609375 0.79453125 0.8984375 0.0203125
2 0.49609375 0.16328125 0.8984375 0.24375