5 0.28671875 0.4546875 0.409375 0.7828125
5 0.70859375 0.4546875 0.384375 0.7828125
3 0.28671875 0.13984375 0.4078125 0.1515625
3 0.28671875 0.2953125 0.4078125 0.13125
3 0.2859375 0.446875 0.4109375 0.14375
3 0.28515625 0.61953125 0.4078125 0.1640625
3 0.2859375 0.78203125 0.40625 0.13125
3 0.70703125 0.7125 0.3859375 0.265625
3 0.7078125 0.37265625 0.3828125 0.1328125
3 0.70625 0.5171875 0.3859375 0.1171875
3 0.70625 0.18046875 0.3859375 0.2359375
4 0.28671875 0.0859375 0.4078125 0.04375
4 0.70625 0.0828125 0.3859375 0.04375
4 0.70625 0.32265625 0.3859375 0.0328125
4 0.28671875 0.25 0.4125 0.0421875
4 0.2859375 0.3875 0.4109375 0.0234375
4 0.7078125 0.49296875 0.3875 0.06875
4 0.28515625 0.57421875 0.4078125 0.0734375
4 0.70546875 0.65078125 0.3875 0.1453125
4 0.28671875 0.7359375 0.4109375 0.0390625
0 0.28671875 0.16015625 0.40625 0.1078125
0 0.70625 0.20078125 0.3875 0.19375
0 0.7078125 0.38984375 0.384375 0.1
0 0.28671875 0.31640625 0.409375 0.0875
0 0.28515625 0.45859375 0.409375 0.11875
0 0.70703125 0.5515625 0.3859375 0.0484375
0 0.70625 0.784375 0.3875 0.121875
0 0.284375 0.65546875 0.4109375 0.090625
0 0.284375 0.80234375 0.4078125 0.0875