5 0.496875 0.4796875 0.91875 0.8796875
3 0.49921875 0.1078125 0.9140625 0.1328125
4 0.50390625 0.053125 0.9 0.03125
0 0.49765625 0.12265625 0.915625 0.1046875
3 0.50390625 0.2625 0.915625 0.1390625
4 0.49375 0.21171875 0.925 0.0453125
0 0.496875 0.278125 0.91875 0.1
3 0.496875 0.41875 0.91875 0.128125
4 0.49765625 0.36953125 0.915625 0.025
0 0.4953125 0.43359375 0.9265625 0.1046875
3 0.49765625 0.57265625 0.915625 0.1421875
4 0.496875 0.5203125 0.9140625 0.0421875
0 0.49765625 0.5953125 0.921875 0.1046875
2 0.49765625 0.784375 0.921875 0.2734375