5 0.50546875 0.4609375 0.8890625 0.8015625
3 0.284375 0.14375 0.4453125 0.165625
3 0.73203125 0.271875 0.43125 0.421875
3 0.73203125 0.67265625 0.43125 0.3734375
3 0.284375 0.3515625 0.4453125 0.246875
3 0.29140625 0.66875 0.4453125 0.3765625
4 0.29140625 0.63203125 0.4453125 0.303125
0 0.29140625 0.8203125 0.4453125 0.075
4 0.284375 0.31484375 0.4453125 0.171875
0 0.284375 0.4421875 0.4453125 0.071875
4 0.284375 0.10859375 0.4453125 0.096875
0 0.284375 0.1921875 0.4453125 0.06875
0 0.73203125 0.4328125 0.43125 0.0921875
4 0.73203125 0.225 0.43125 0.328125
4 0.73203125 0.621875 0.43125 0.271875
0 0.73203125 0.809375 0.43125 0.1078125