5 0.30078125 0.50546875 0.4046875 0.871875
5 0.7 0.5078125 0.3796875 0.871875
3 0.30078125 0.15546875 0.4046875 0.1703125
3 0.30078125 0.35703125 0.4046875 0.2265625
3 0.30078125 0.5828125 0.4046875 0.2125
3 0.30078125 0.77578125 0.4046875 0.1609375
3 0.30078125 0.9 0.4046875 0.078125
3 0.7 0.12890625 0.3796875 0.1140625
3 0.7 0.21953125 0.3796875 0.06875
3 0.7 0.3640625 0.3796875 0.2125
3 0.7 0.56875 0.3796875 0.1875
3 0.7 0.71796875 0.3796875 0.096875
3 0.7 0.85390625 0.3796875 0.1640625
4 0.30078125 0.12109375 0.4046875 0.1015625
4 0.30078125 0.30234375 0.4046875 0.1171875
4 0.30078125 0.5625 0.4046875 0.171875
4 0.30078125 0.7109375 0.4046875 0.03125
4 0.30078125 0.9 0.4046875 0.078125
4 0.7 0.11015625 0.3796875 0.0765625
4 0.7 0.2015625 0.3796875 0.03125
4 0.7 0.31328125 0.3796875 0.1125
4 0.7 0.53515625 0.3796875 0.121875
4 0.7 0.684375 0.3796875 0.028125
4 0.7 0.83671875 0.3796875 0.13125
0 0.30078125 0.20625 0.4046875 0.06875
0 0.30078125 0.4203125 0.4046875 0.1015625
0 0.30078125 0.671875 0.4046875 0.0359375
0 0.30078125 0.7921875 0.4046875 0.1265625
0 0.7 0.16796875 0.3796875 0.0359375
0 0.7 0.421875 0.3796875 0.0984375
0 0.7 0.63125 0.3796875 0.0625
0 0.7 0.7328125 0.3796875 0.0671875
0 0.7 0.9171875 0.3796875 0.0375
0 0.7 0.23671875 0.3796875 0.0359375