5 0.30078125 0.54609375 0.3765625 0.671875
5 0.7015625 0.54375 0.38125 0.6765625
3 0.3 0.3484375 0.375 0.2765625
3 0.7 0.35546875 0.3796875 0.3015625
3 0.2984375 0.70234375 0.3765625 0.359375
3 0.70078125 0.696875 0.38125 0.3734375
4 0.3 0.2859375 0.3796875 0.153125
4 0.7 0.3140625 0.3796875 0.215625
4 0.29765625 0.58203125 0.3796875 0.1234375
4 0.70078125 0.66328125 0.38125 0.309375
0 0.3 0.425 0.375 0.1234375
0 0.7 0.4640625 0.3796875 0.08125
0 0.70078125 0.8484375 0.38125 0.0671875
0 0.29765625 0.76328125 0.3796875 0.234375
2 0.4953125 0.16875 0.775 0.0546875