5 0.4953125 0.47265625 0.925 0.871875
3 0.4953125 0.1125 0.925 0.1515625
3 0.4953125 0.22421875 0.925 0.0671875
3 0.4953125 0.30546875 0.925 0.0859375
3 0.4953125 0.44296875 0.925 0.175
0 0.4953125 0.13828125 0.925 0.1015625
0 0.4953125 0.24140625 0.925 0.03125
0 0.4953125 0.33046875 0.925 0.0359375
0 0.4953125 0.45703125 0.925 0.1484375
4 0.4953125 0.06171875 0.925 0.05
4 0.4953125 0.20703125 0.925 0.0328125
4 0.4953125 0.28671875 0.925 0.05
4 0.4953125 0.36875 0.925 0.028125
1 0.4953125 0.6453125 0.925 0.1390625