5 0.2796875 0.496875 0.421875 0.8546875
5 0.72421875 0.496875 0.4125 0.8515625
3 0.2796875 0.30390625 0.425 0.471875
3 0.72265625 0.26484375 0.4125 0.3890625
3 0.72265625 0.69296875 0.4125 0.45625
3 0.27890625 0.73828125 0.4234375 0.3734375
4 0.278125 0.19765625 0.4234375 0.259375
4 0.72265625 0.2234375 0.4125 0.30625
4 0.278125 0.565625 0.4234375 0.028125
4 0.7234375 0.6359375 0.40625 0.334375
0 0.2765625 0.43203125 0.421875 0.2109375
0 0.721875 0.41875 0.4125 0.08125
0 0.278125 0.7515625 0.4234375 0.3375
0 0.7234375 0.8625 0.4109375 0.11875