5 0.31015625 0.50078125 0.3953125 0.865625
5 0.7140625 0.50625 0.3984375 0.859375
3 0.30625 0.17109375 0.3875 0.06875
3 0.3046875 0.26640625 0.3890625 0.10625
3 0.3078125 0.3953125 0.3953125 0.13125
3 0.30234375 0.50625 0.384375 0.090625
3 0.30390625 0.6640625 0.3921875 0.2125
3 0.3046875 0.81328125 0.3953125 0.0828125
3 0.30859375 0.89765625 0.3984375 0.0734375
3 0.7140625 0.14296875 0.3546875 0.128125
3 0.71015625 0.34140625 0.3890625 0.275
3 0.70625 0.52421875 0.3984375 0.0859375
3 0.7078125 0.66640625 0.3890625 0.1875
3 0.71640625 0.84609375 0.396875 0.1703125
4 0.30625 0.15390625 0.3875 0.0375
0 0.3078125 0.1859375 0.3890625 0.0390625
4 0.30390625 0.21796875 0.3984375 0.0203125
0 0.30234375 0.271875 0.3953125 0.0921875
4 0.31171875 0.35 0.3921875 0.046875
0 0.30390625 0.41484375 0.3921875 0.0875
4 0.30390625 0.471875 0.38125 0.028125
0 0.29765625 0.51640625 0.3921875 0.0703125
4 0.30078125 0.58125 0.3875 0.0421875
0 0.30078125 0.68125 0.3984375 0.1609375
4 0.29921875 0.79609375 0.40625 0.046875
0 0.3046875 0.83515625 0.3953125 0.0359375
4 0.3078125 0.878125 0.40625 0.03125
0 0.31171875 0.91171875 0.3984375 0.0390625
0 0.7171875 0.13984375 0.35 0.1265625
4 0.71015625 0.275 0.3953125 0.1390625
0 0.7125 0.4125 0.3828125 0.1375
4 0.70078125 0.50390625 0.3984375 0.05
0 0.70078125 0.54765625 0.3875 0.034375
4 0.703125 0.628125 0.3859375 0.1203125
0 0.703125 0.72734375 0.396875 0.06875
4 0.71796875 0.84609375 0.3953125 0.175