5 0.4984375 0.48046875 0.9125 0.8765625
3 0.4984375 0.10859375 0.9125 0.134375
3 0.5 0.25 0.9125 0.1375
3 0.4984375 0.38828125 0.9125 0.1296875
3 0.50234375 0.52421875 0.9125 0.1296875
3 0.5 0.7078125 0.9125 0.1296875
3 0.5 0.846875 0.9125 0.1328125
4 0.4984375 0.053125 0.9125 0.021875
4 0.5 0.1921875 0.9125 0.021875
4 0.4984375 0.33515625 0.9125 0.0234375
4 0.50234375 0.471875 0.9125 0.0234375
4 0.5 0.653125 0.9125 0.01875
4 0.5 0.7921875 0.9125 0.021875
0 0.4984375 0.1203125 0.9125 0.1109375
0 0.5 0.40078125 0.9125 0.1046875
0 0.50390625 0.2609375 0.9125 0.10625
0 0.50234375 0.5359375 0.9125 0.1046875
0 0.49453125 0.721875 0.9125 0.10625
0 0.49140625 0.85703125 0.9125 0.1140625
2 0.50234375 0.6140625 0.9125 0.05