5 0.496875 0.47578125 0.9140625 0.8734375
3 0.496875 0.12578125 0.91875 0.16875
3 0.5046875 0.30390625 0.91875 0.14375
3 0.5046875 0.46875 0.91875 0.1421875
3 0.49921875 0.63515625 0.925 0.1421875
3 0.49921875 0.81640625 0.91875 0.171875
4 0.4953125 0.0609375 0.9265625 0.0484375
0 0.49375 0.14921875 0.91875 0.1234375
4 0.5046875 0.24609375 0.925 0.028125
0 0.49765625 0.31640625 0.915625 0.11875
4 0.49921875 0.41171875 0.9296875 0.028125
0 0.496875 0.48046875 0.9140625 0.109375
4 0.49765625 0.5765625 0.9328125 0.025
0 0.49921875 0.64765625 0.9296875 0.125
4 0.50078125 0.75078125 0.9265625 0.05
0 0.49921875 0.8421875 0.925 0.125