5 0.2890625 0.453125 0.4046875 0.7828125
5 0.7171875 0.453125 0.384375 0.7828125
3 0.28828125 0.12890625 0.4046875 0.1359375
3 0.7171875 0.11484375 0.384375 0.10625
3 0.71640625 0.23359375 0.38125 0.109375
3 0.2890625 0.29296875 0.403125 0.1390625
3 0.71484375 0.390625 0.384375 0.1734375
3 0.28828125 0.45703125 0.4046875 0.15625
3 0.715625 0.553125 0.3828125 0.1296875
3 0.28828125 0.6296875 0.4015625 0.153125
3 0.71640625 0.73828125 0.384375 0.2140625
3 0.28828125 0.78125 0.4046875 0.125
4 0.28671875 0.08359375 0.403125 0.0453125
4 0.715625 0.075 0.3859375 0.0265625
4 0.7171875 0.19765625 0.38125 0.0359375
4 0.2875 0.2703125 0.4015625 0.0984375
4 0.71484375 0.315625 0.384375 0.0234375
4 0.2875 0.403125 0.4046875 0.0453125
4 0.71640625 0.5171875 0.3828125 0.0578125
4 0.2890625 0.5734375 0.403125 0.0390625
4 0.7171875 0.715625 0.3859375 0.1703125
4 0.2890625 0.7390625 0.40625 0.0390625
0 0.28671875 0.15234375 0.403125 0.0890625
0 0.715625 0.1296875 0.3859375 0.0796875
0 0.28828125 0.340625 0.4015625 0.040625
0 0.715625 0.25234375 0.3828125 0.071875
0 0.71484375 0.403125 0.3859375 0.15
0 0.28828125 0.48046875 0.4015625 0.109375
0 0.7171875 0.58203125 0.38125 0.071875
0 0.2875 0.64921875 0.4015625 0.109375
0 0.28828125 0.80234375 0.403125 0.084375
0 0.715625 0.8234375 0.3828125 0.04375