5 0.4953125 0.41875 0.946875 0.7734375
3 0.4953125 0.10234375 0.946875 0.140625
3 0.4953125 0.21953125 0.946875 0.084375
3 0.4953125 0.303125 0.946875 0.0828125
0 0.4953125 0.38828125 0.946875 0.0796875
0 0.4953125 0.15546875 0.946875 0.034375
0 0.4953125 0.2359375 0.946875 0.053125
0 0.4953125 0.3296875 0.946875 0.028125
0 0.4953125 0.403125 0.946875 0.05
4 0.4953125 0.08515625 0.946875 0.10625
4 0.4953125 0.1921875 0.946875 0.0296875
4 0.4953125 0.28671875 0.946875 0.0484375
4 0.4953125 0.36328125 0.946875 0.0296875
1 0.4953125 0.5390625 0.946875 0.1125