5 0.49609375 0.47421875 0.9140625 0.878125
2 0.48984375 0.2015625 0.8984375 0.325
3 0.5015625 0.83828125 0.8984375 0.1453125
3 0.49609375 0.428125 0.8984375 0.128125
3 0.49609375 0.55703125 0.8984375 0.1203125
3 0.48984375 0.6875 0.8984375 0.128125
0 0.5015625 0.859375 0.8984375 0.103125
0 0.49609375 0.44296875 0.8984375 0.0984375
0 0.49609375 0.56796875 0.8984375 0.0984375
0 0.48984375 0.70625 0.8984375 0.090625
4 0.5015625 0.78671875 0.8984375 0.0421875
4 0.48984375 0.378125 0.8984375 0.0296875
4 0.49609375 0.5078125 0.8984375 0.0203125
4 0.48984375 0.64296875 0.8984375 0.0390625