5 0.2765625 0.4953125 0.415625 0.8625
5 0.72578125 0.49375 0.4140625 0.85625
3 0.27578125 0.15234375 0.4140625 0.178125
3 0.72578125 0.28671875 0.4140625 0.4421875
3 0.2765625 0.3921875 0.415625 0.290625
3 0.27734375 0.73359375 0.4171875 0.3828125
3 0.72421875 0.63515625 0.415625 0.2296875
3 0.72421875 0.84296875 0.415625 0.159375
4 0.27578125 0.0875 0.4125 0.05
4 0.72578125 0.22265625 0.4171875 0.3140625
4 0.27578125 0.26484375 0.4171875 0.0375
4 0.27578125 0.68046875 0.4171875 0.275
4 0.72421875 0.55703125 0.4125 0.0734375
4 0.7234375 0.80234375 0.4171875 0.078125
0 0.275 0.178125 0.4140625 0.1265625
0 0.7265625 0.44296875 0.4140625 0.128125
0 0.275 0.4109375 0.4140625 0.2546875
0 0.7234375 0.671875 0.4140625 0.1578125
0 0.27578125 0.871875 0.4171875 0.1078125
0 0.7234375 0.88046875 0.4171875 0.08125