5 0.50390625 0.4734375 0.909375 0.86875
3 0.50390625 0.1125 0.909375 0.1453125
3 0.50390625 0.27265625 0.909375 0.159375
3 0.50390625 0.63828125 0.909375 0.1046875
3 0.3296875 0.74453125 0.55 0.096875
3 0.3296875 0.85390625 0.55 0.1015625
4 0.50390625 0.05234375 0.909375 0.025
4 0.50390625 0.21640625 0.909375 0.046875
4 0.50390625 0.63828125 0.909375 0.1046875
4 0.3296875 0.74453125 0.55 0.096875
4 0.3296875 0.85390625 0.55 0.1015625
0 0.50390625 0.12421875 0.909375 0.121875
0 0.50390625 0.2953125 0.909375 0.115625
2 0.50390625 0.4703125 0.909375 0.20625