5 0.50390625 0.48203125 0.90625 0.8859375
3 0.49453125 0.2875 0.90625 0.1578125
3 0.4984375 0.4421875 0.90625 0.1421875
3 0.4984375 0.60546875 0.90625 0.1703125
0 0.50546875 0.121875 0.90625 0.1640625
0 0.49453125 0.309375 0.90625 0.1125
0 0.4984375 0.4640625 0.90625 0.0984375
0 0.4984375 0.634375 0.90625 0.1125
4 0.49453125 0.22890625 0.90625 0.040625
4 0.4984375 0.3921875 0.90625 0.0421875
4 0.4984375 0.54765625 0.90625 0.053125
0 0.50546875 0.1359375 0.90625 0.1375
4 0.50546875 0.0546875 0.90625 0.028125