5 0.278125 0.45234375 0.4515625 0.846875
5 0.73203125 0.45234375 0.45625 0.846875
3 0.278125 0.17265625 0.4515625 0.2875
4 0.278125 0.1296875 0.4515625 0.2015625
0 0.278125 0.26953125 0.4515625 0.0875
3 0.278125 0.45546875 0.4515625 0.2796875
4 0.278125 0.41484375 0.4515625 0.2
0 0.278125 0.553125 0.4515625 0.08125
3 0.278125 0.72109375 0.4515625 0.2671875
3 0.278125 0.72109375 0.4515625 0.2671875
4 0.278125 0.6796875 0.4515625 0.1859375
0 0.278125 0.8140625 0.4515625 0.0859375
3 0.73203125 0.1234375 0.45625 0.1890625
4 0.73203125 0.0734375 0.45625 0.0890625
0 0.73203125 0.1640625 0.45625 0.1
3 0.73203125 0.42890625 0.45625 0.434375
4 0.73203125 0.3265625 0.45625 0.23125
0 0.73203125 0.540625 0.45625 0.2015625
3 0.73203125 0.75078125 0.45625 0.2125
4 0.73203125 0.67265625 0.45625 0.0546875
0 0.73203125 0.7765625 0.45625 0.1640625