5 0.2796875 0.50625 0.4296875 0.775
5 0.728125 0.50625 0.4296875 0.775
3 0.2796875 0.7640625 0.4296875 0.259375
3 0.2796875 0.47109375 0.4296875 0.3046875
3 0.2796875 0.215625 0.4296875 0.19375
3 0.728125 0.2 0.4296875 0.1625
0 0.728125 0.55546875 0.4296875 0.109375
0 0.2796875 0.2640625 0.4296875 0.0984375
4 0.2796875 0.16484375 0.4296875 0.09375
0 0.2796875 0.53828125 0.4296875 0.171875
4 0.2796875 0.384375 0.4296875 0.1328125
0 0.2796875 0.82421875 0.4296875 0.1390625
4 0.2796875 0.6921875 0.4296875 0.115625
0 0.728125 0.23515625 0.4296875 0.0890625
4 0.728125 0.1515625 0.4296875 0.0671875
4 0.728125 0.39765625 0.4296875 0.209375
3 0.728125 0.45078125 0.4296875 0.315625