5 0.4953125 0.4921875 0.78125 0.7734375
3 0.49453125 0.13359375 0.7796875 0.0578125
3 0.49453125 0.21171875 0.7796875 0.0921875
3 0.49453125 0.3546875 0.7796875 0.1734375
3 0.49375 0.49609375 0.7796875 0.0796875
3 0.4953125 0.68984375 0.7796875 0.2671875
3 0.49453125 0.85390625 0.7796875 0.0484375
4 0.49375 0.6609375 0.7796875 0.2078125
4 0.49375 0.8421875 0.7796875 0.025
4 0.49375 0.28125 0.7796875 0.0265625
4 0.49296875 0.46875 0.7796875 0.021875
4 0.49453125 0.175 0.7796875 0.0171875
4 0.49296875 0.11484375 0.778125 0.01875
0 0.49453125 0.14375 0.7796875 0.0375
0 0.49375 0.22109375 0.78125 0.0703125
0 0.4953125 0.36875 0.78125 0.1453125
0 0.49375 0.509375 0.78125 0.0515625
0 0.49375 0.7953125 0.7796875 0.05625
0 0.49453125 0.86640625 0.7796875 0.021875