5 0.50703125 0.57890625 0.78125 0.709375
2 0.50703125 0.29765625 0.78125 0.146875
3 0.31328125 0.496875 0.3953125 0.240625
3 0.31328125 0.77265625 0.3953125 0.309375
3 0.70390625 0.5203125 0.3875 0.290625
3 0.70390625 0.7296875 0.3875 0.1140625
3 0.70390625 0.8609375 0.3875 0.140625
4 0.31328125 0.478125 0.3953125 0.203125
2 0.31328125 0.77265625 0.3953125 0.309375
2 0.70390625 0.5203125 0.3875 0.290625
4 0.70390625 0.69453125 0.3875 0.04375
4 0.70390625 0.82890625 0.3875 0.0765625
0 0.31328125 0.5984375 0.3953125 0.0359375
0 0.70390625 0.75390625 0.3875 0.0671875
0 0.70390625 0.89765625 0.3875 0.06875