5 0.29765625 0.52734375 0.415625 0.890625
5 0.71640625 0.53125 0.415625 0.890625
3 0.30234375 0.12734375 0.415625 0.090625
3 0.29765625 0.2296875 0.415625 0.1125
3 0.2953125 0.3484375 0.415625 0.121875
0 0.30234375 0.153125 0.415625 0.0375
0 0.29765625 0.25390625 0.415625 0.0640625
0 0.2953125 0.36640625 0.415625 0.0859375
4 0.30234375 0.10859375 0.415625 0.053125
4 0.29765625 0.1984375 0.415625 0.0484375
4 0.2953125 0.3046875 0.415625 0.034375
2 0.71640625 0.53125 0.415625 0.890625
2 0.29765625 0.69140625 0.415625 0.5609375