5 0.49375 0.478125 0.91875 0.890625
2 0.49375 0.12265625 0.91875 0.1796875
3 0.49375 0.28828125 0.91875 0.1390625
3 0.49375 0.44921875 0.91875 0.1609375
3 0.49375 0.6515625 0.91875 0.2046875
3 0.49375 0.8390625 0.91875 0.15
4 0.49375 0.2328125 0.91875 0.028125
4 0.49375 0.39375 0.91875 0.05
4 0.49375 0.59296875 0.91875 0.0875
4 0.49375 0.7765625 0.91875 0.0265625
0 0.496875 0.84765625 0.896875 0.10625
0 0.49375 0.6953125 0.91875 0.1171875
0 0.49375 0.4765625 0.91875 0.10625
0 0.49375 0.30234375 0.91875 0.109375