5 0.5015625 0.47578125 0.8984375 0.875
3 0.5015625 0.1140625 0.8984375 0.1453125
3 0.5015625 0.27265625 0.8984375 0.1515625
3 0.5015625 0.44453125 0.8984375 0.16875
3 0.5015625 0.62734375 0.8984375 0.171875
3 0.5015625 0.81328125 0.8984375 0.1765625
0 0.5015625 0.12734375 0.8984375 0.1203125
0 0.5015625 0.28671875 0.8984375 0.1234375
0 0.5015625 0.465625 0.8984375 0.1265625
0 0.5015625 0.65234375 0.8984375 0.1203125
4 0.5015625 0.0546875 0.8984375 0.0265625
4 0.5015625 0.2109375 0.8984375 0.028125
4 0.5015625 0.38203125 0.8984375 0.0453125
4 0.5015625 0.56328125 0.8984375 0.05
0 0.5015625 0.8359375 0.8984375 0.13125
4 0.5015625 0.7484375 0.8984375 0.0484375