5 0.27109375 0.478125 0.4296875 0.7125
5 0.73203125 0.4765625 0.4296875 0.7125
3 0.27109375 0.6921875 0.4296875 0.284375
3 0.73203125 0.6 0.4296875 0.465625
3 0.27109375 0.33046875 0.4296875 0.41875
3 0.73203125 0.2390625 0.4296875 0.2390625
0 0.27109375 0.3796875 0.4296875 0.31875
4 0.27109375 0.1671875 0.4296875 0.0921875
0 0.27109375 0.7359375 0.4296875 0.1953125
4 0.27109375 0.59296875 0.4296875 0.0859375
0 0.73203125 0.2765625 0.4296875 0.1640625
4 0.73203125 0.15390625 0.4296875 0.06875
0 0.73203125 0.64375 0.4296875 0.378125
4 0.73203125 0.40859375 0.4296875 0.08125