5 0.29375 0.51328125 0.4265625 0.86875
5 0.70859375 0.51328125 0.403125 0.86875
3 0.29375 0.1 0.4265625 0.0421875
0 0.2921875 0.1375 0.4296875 0.0359375
3 0.29375 0.25 0.4265625 0.19375
4 0.29375 0.24921875 0.4265625 0.190625
3 0.70859375 0.10078125 0.403125 0.04375
0 0.70859375 0.10078125 0.403125 0.04375
3 0.70859375 0.16484375 0.403125 0.084375
4 0.70859375 0.14609375 0.403125 0.0484375
0 0.70859375 0.18671875 0.403125 0.0453125
3 0.70859375 0.24765625 0.403125 0.08125
4 0.70859375 0.24765625 0.403125 0.08125