5 0.4921875 0.48046875 0.915625 0.8734375
3 0.50234375 0.10703125 0.91875 0.1265625
4 0.50078125 0.0546875 0.9328125 0.028125
4 0.49921875 0.121875 0.9078125 0.0984375
3 0.49765625 0.24453125 0.921875 0.125
4 0.49375 0.1953125 0.903125 0.025
0 0.49765625 0.2578125 0.9109375 0.0984375
3 0.49765625 0.3859375 0.90625 0.128125
4 0.49921875 0.3328125 0.925 0.03125
0 0.49765625 0.39765625 0.915625 0.1015625
3 0.49765625 0.55 0.9265625 0.1671875
4 0.496875 0.49453125 0.9296875 0.059375
0 0.4921875 0.578125 0.921875 0.10625
3 0.50234375 0.70390625 0.91875 0.121875
3 0.49765625 0.84609375 0.921875 0.125
4 0.50234375 0.70390625 0.91875 0.121875
4 0.49765625 0.84609375 0.921875 0.125