5 0.47734375 0.51171875 0.8390625 0.853125
3 0.47890625 0.165625 0.8359375 0.1515625
3 0.47734375 0.40546875 0.834375 0.325
3 0.47578125 0.61171875 0.8359375 0.090625
3 0.475 0.7484375 0.8390625 0.178125
3 0.47578125 0.8875 0.8359375 0.10625
4 0.48046875 0.15390625 0.8328125 0.1328125
4 0.4796875 0.3921875 0.8359375 0.3078125
4 0.4765625 0.73203125 0.840625 0.153125
4 0.478125 0.6 0.8328125 0.0625
4 0.47890625 0.87421875 0.834375 0.0765625
0 0.478125 0.23046875 0.834375 0.0265625
0 0.4796875 0.55625 0.8359375 0.0203125
0 0.478125 0.6421875 0.8375 0.034375
0 0.475 0.8234375 0.834375 0.025
0 0.47421875 0.92734375 0.8390625 0.0234375