5 0.26484375 0.55546875 0.459375 0.7734375
5 0.73671875 0.55546875 0.459375 0.7734375
2 0.26484375 0.55546875 0.459375 0.7734375
3 0.73671875 0.46015625 0.459375 0.2125
3 0.73203125 0.68671875 0.459375 0.215625
3 0.73203125 0.86328125 0.459375 0.1203125
0 0.73671875 0.48203125 0.459375 0.16875
0 0.73203125 0.71796875 0.459375 0.1515625
0 0.73203125 0.8859375 0.459375 0.075
4 0.73671875 0.3765625 0.459375 0.0453125
4 0.73203125 0.609375 0.459375 0.0609375
4 0.73203125 0.82421875 0.459375 0.040625