5 0.2765625 0.49921875 0.4109375 0.846875
5 0.7234375 0.49921875 0.4109375 0.846875
3 0.27578125 0.3203125 0.4109375 0.4890625
3 0.721875 0.14609375 0.4109375 0.140625
3 0.721875 0.34375 0.4109375 0.225
3 0.72109375 0.59375 0.409375 0.240625
3 0.72109375 0.82265625 0.409375 0.1921875
3 0.27578125 0.659375 0.4109375 0.16875
3 0.27734375 0.83828125 0.4109375 0.1703125
4 0.27578125 0.2640625 0.4140625 0.375
4 0.72265625 0.30078125 0.409375 0.134375
4 0.275 0.59375 0.409375 0.040625
4 0.72265625 0.53984375 0.409375 0.134375
0 0.72265625 0.6609375 0.409375 0.10625
4 0.275 0.79140625 0.409375 0.078125
4 0.72109375 0.803125 0.409375 0.1515625
0 0.275 0.6796875 0.409375 0.1296875
0 0.2765625 0.87734375 0.409375 0.09375
0 0.72109375 0.89765625 0.40625 0.040625
0 0.275 0.509375 0.409375 0.1109375
0 0.721875 0.41171875 0.409375 0.0875
4 0.72265625 0.09375 0.409375 0.040625
0 0.72109375 0.16484375 0.409375 0.096875