5 0.48515625 0.48828125 0.9453125 0.903125
3 0.2578125 0.12109375 0.490625 0.16875
3 0.2578125 0.28203125 0.490625 0.146875
3 0.2578125 0.4375 0.490625 0.153125
3 0.2578125 0.85078125 0.490625 0.1828125
3 0.73203125 0.1203125 0.453125 0.1578125
3 0.73203125 0.2765625 0.453125 0.1421875
3 0.73203125 0.434375 0.453125 0.146875
3 0.73203125 0.58359375 0.453125 0.140625
3 0.73203125 0.7390625 0.453125 0.1578125
3 0.73203125 0.88515625 0.453125 0.125
4 0.2578125 0.0703125 0.490625 0.0671875
4 0.2578125 0.23359375 0.490625 0.05
4 0.2578125 0.3859375 0.490625 0.05
4 0.2578125 0.79375 0.490625 0.06875
4 0.73203125 0.07890625 0.453125 0.0765625
4 0.73203125 0.2265625 0.453125 0.04375
4 0.73203125 0.3796875 0.453125 0.0375
4 0.73203125 0.53125 0.453125 0.0359375
4 0.73203125 0.68828125 0.453125 0.05625
4 0.73203125 0.83359375 0.453125 0.0234375
0 0.2578125 0.153125 0.490625 0.1046875
0 0.2578125 0.30546875 0.490625 0.1
0 0.2578125 0.4609375 0.490625 0.10625
0 0.2578125 0.8859375 0.490625 0.1125
0 0.73203125 0.159375 0.453125 0.0796875
0 0.73203125 0.3 0.453125 0.096875
0 0.73203125 0.45234375 0.453125 0.1125
0 0.73203125 0.6015625 0.453125 0.10625
0 0.73203125 0.76875 0.453125 0.0984375
0 0.73203125 0.8984375 0.453125 0.0984375
2 0.25625 0.63671875 0.4765625 0.234375