5 0.30546875 0.53828125 0.3734375 0.68125
5 0.7015625 0.53828125 0.3859375 0.684375
4 0.30625 0.22421875 0.375 0.05625
3 0.3046875 0.4109375 0.371875 0.1625
3 0.30546875 0.5953125 0.371875 0.159375
3 0.30625 0.790625 0.375 0.1765625
3 0.70078125 0.6609375 0.3859375 0.14375
3 0.7 0.81875 0.384375 0.1234375
3 0.7015625 0.4875 0.384375 0.1546875
3 0.7015625 0.29375 0.3828125 0.196875
2 0.503125 0.17265625 0.775 0.040625
3 0.30625 0.2546875 0.375 0.1171875
0 0.30625 0.2828125 0.375 0.0609375
4 0.7015625 0.23984375 0.3828125 0.0890625
0 0.7015625 0.33828125 0.3828125 0.10625
4 0.3046875 0.359375 0.371875 0.0578125
0 0.3046875 0.44140625 0.371875 0.1015625
4 0.7015625 0.4328125 0.384375 0.0484375
0 0.7015625 0.51015625 0.384375 0.109375
4 0.30546875 0.54453125 0.371875 0.0578125
0 0.30546875 0.625 0.371875 0.1
4 0.70078125 0.60625 0.3859375 0.034375
0 0.70078125 0.67890625 0.3859375 0.109375
4 0.30625 0.73046875 0.375 0.0578125
0 0.30625 0.81796875 0.375 0.121875
4 0.7 0.771875 0.384375 0.03125
0 0.7 0.83359375 0.384375 0.09375