5 0.4953125 0.47578125 0.9 0.8734375
3 0.50625 0.11015625 0.9 0.1375
3 0.5078125 0.259375 0.903125 0.1453125
3 0.49765625 0.52421875 0.90625 0.1484375
3 0.49375 0.6765625 0.91875 0.125
3 0.50390625 0.82578125 0.915625 0.153125
4 0.496875 0.06328125 0.91875 0.0390625
0 0.49765625 0.1296875 0.915625 0.0921875
4 0.50390625 0.22265625 0.90625 0.078125
0 0.50234375 0.29765625 0.9078125 0.0734375
4 0.49921875 0.48359375 0.9140625 0.0546875
0 0.4984375 0.5515625 0.9171875 0.0828125
4 0.50390625 0.6328125 0.9265625 0.0296875
0 0.496875 0.690625 0.9203125 0.090625
4 0.50390625 0.778125 0.928125 0.0625
0 0.5015625 0.85390625 0.90625 0.0984375
2 0.50234375 0.3984375 0.9078125 0.1078125