5 0.49921875 0.475 0.9140625 0.8765625
3 0.50234375 0.10859375 0.925 0.1265625
4 0.49921875 0.05625 0.91875 0.0203125
0 0.50390625 0.1140625 0.9265625 0.1046875
3 0.50390625 0.3046875 0.921875 0.215625
4 0.50234375 0.215625 0.9140625 0.040625
0 0.496875 0.3234375 0.91875 0.178125
3 0.50390625 0.49921875 0.921875 0.1265625
4 0.50625 0.446875 0.9265625 0.028125
0 0.49921875 0.51015625 0.91875 0.0984375
3 0.4953125 0.65234375 0.921875 0.1234375
4 0.4921875 0.6015625 0.915625 0.0171875
0 0.49765625 0.659375 0.9265625 0.1046875
3 0.4953125 0.8171875 0.921875 0.15
4 0.496875 0.7625 0.9296875 0.04375
0 0.4953125 0.8390625 0.915625 0.1015625