5 0.26484375 0.52265625 0.490625 0.8953125
5 0.72734375 0.521875 0.4375 0.890625
3 0.26484375 0.19140625 0.490625 0.240625
3 0.2625 0.35703125 0.490625 0.09375
3 0.26484375 0.45078125 0.490625 0.0921875
3 0.26484375 0.84609375 0.490625 0.1953125
2 0.72734375 0.39453125 0.4375 0.6234375
3 0.72734375 0.7546875 0.4375 0.096875
3 0.7296875 0.87265625 0.4375 0.134375
3 0.2625 0.62265625 0.490625 0.2609375
0 0.26484375 0.25390625 0.490625 0.115625
0 0.2625 0.36484375 0.490625 0.0765625
0 0.26484375 0.47421875 0.490625 0.0453125
0 0.26484375 0.87734375 0.490625 0.1328125
0 0.72734375 0.76484375 0.4375 0.075
0 0.7296875 0.9015625 0.4375 0.0765625
0 0.2625 0.73359375 0.490625 0.0390625
4 0.26484375 0.1328125 0.490625 0.1234375
4 0.2625 0.3203125 0.490625 0.0203125
4 0.26484375 0.428125 0.490625 0.046875
4 0.26484375 0.778125 0.490625 0.0578125
4 0.72734375 0.71875 0.4375 0.025
4 0.7296875 0.83359375 0.4375 0.0578125
4 0.2625 0.60078125 0.490625 0.215625