5 0.525 0.51640625 0.8625 0.884375
3 0.30390625 0.29609375 0.4078125 0.13125
4 0.30390625 0.240625 0.4078125 0.0203125
0 0.30390625 0.30390625 0.4078125 0.10625
3 0.29921875 0.69296875 0.3796875 0.075
4 0.29921875 0.67578125 0.3796875 0.0390625
0 0.29921875 0.71171875 0.3796875 0.0375
3 0.29921875 0.76171875 0.3796875 0.0703125
4 0.29921875 0.74296875 0.3796875 0.034375
0 0.29921875 0.77578125 0.3796875 0.0375
3 0.29921875 0.828125 0.3796875 0.075
4 0.29921875 0.81015625 0.3796875 0.0390625
0 0.29921875 0.84453125 0.3796875 0.034375
3 0.29921875 0.9046875 0.3796875 0.0953125
4 0.29921875 0.88203125 0.3796875 0.05
0 0.29921875 0.9265625 0.3796875 0.0484375
3 0.7171875 0.35234375 0.4078125 0.1125
4 0.7171875 0.3234375 0.4078125 0.0546875
0 0.7171875 0.378125 0.4078125 0.0640625
1 0.50625 0.53125 0.825 0.240625
3 0.715625 0.6984375 0.40625 0.06875
4 0.715625 0.68125 0.40625 0.0359375
0 0.715625 0.715625 0.40625 0.0375
3 0.715625 0.76171875 0.40625 0.0546875
4 0.715625 0.74375 0.40625 0.01875
0 0.715625 0.76953125 0.40625 0.0375
3 0.715625 0.8640625 0.40625 0.1640625
4 0.715625 0.796875 0.40625 0.0203125
0 0.715625 0.8765625 0.40625 0.1390625
1 0.3046875 0.3828125 0.4109375 0.0609375
3 0.7171875 0.18671875 0.3984375 0.215625
4 0.7171875 0.16640625 0.3984375 0.175
0 0.7171875 0.271875 0.3984375 0.0546875
3 0.30390625 0.14921875 0.403125 0.1578125
4 0.30390625 0.12265625 0.403125 0.1046875
0 0.30390625 0.19921875 0.403125 0.0546875