5 0.5015625 0.490625 0.7140625 0.7828125
3 0.5 0.1234375 0.715625 0.0484375
3 0.5 0.2 0.7125 0.090625
3 0.50078125 0.3125 0.7140625 0.115625
3 0.5015625 0.425 0.7125 0.0890625
3 0.5015625 0.51171875 0.7140625 0.0546875
3 0.50078125 0.58203125 0.7125 0.0734375
3 0.5 0.671875 0.7125 0.0875
3 0.5 0.75390625 0.7125 0.0578125
3 0.50078125 0.8078125 0.7109375 0.0359375
3 0.5015625 0.85859375 0.7125 0.0453125
4 0.5 0.1125 0.7140625 0.0265625
4 0.5 0.16484375 0.7125 0.0171875
4 0.50078125 0.3015625 0.715625 0.0921875
4 0.50078125 0.39140625 0.7125 0.0234375
4 0.50078125 0.4921875 0.715625 0.015625
4 0.5 0.56328125 0.7125 0.0359375
4 0.50078125 0.63828125 0.7125 0.0203125
4 0.50078125 0.74375 0.7125 0.034375
4 0.5 0.8 0.7125 0.0234375
4 0.5 0.846875 0.7125 0.0203125
0 0.5 0.1359375 0.7125 0.0203125
0 0.49921875 0.21015625 0.7125 0.0734375
0 0.5 0.35859375 0.7125 0.0203125
0 0.5 0.43671875 0.7125 0.0640625
0 0.5 0.51875 0.7125 0.0390625
0 0.49921875 0.6 0.7125 0.0359375
0 0.49921875 0.68203125 0.7109375 0.0671875
0 0.5 0.771875 0.7125 0.0203125
0 0.49921875 0.81796875 0.7125 0.0140625
0 0.50078125 0.8703125 0.7125 0.025