5 0.28828125 0.45234375 0.40625 0.78125
5 0.7140625 0.45625 0.3953125 0.78125
3 0.28828125 0.18828125 0.40625 0.2546875
3 0.7125 0.1578125 0.3953125 0.1859375
3 0.71328125 0.3453125 0.39375 0.184375
3 0.7140625 0.64296875 0.3953125 0.40625
3 0.2875 0.5515625 0.4078125 0.25
3 0.2875 0.76328125 0.4078125 0.1578125
3 0.2875 0.3703125 0.40625 0.0828125
4 0.28828125 0.1328125 0.40625 0.1453125
4 0.71328125 0.12421875 0.396875 0.11875
4 0.7125 0.27890625 0.3921875 0.0515625
4 0.71328125 0.4734375 0.39375 0.06875
4 0.28671875 0.50078125 0.409375 0.1484375
4 0.28671875 0.3484375 0.40625 0.0390625
4 0.2859375 0.72109375 0.40625 0.075
0 0.71328125 0.6765625 0.3953125 0.3390625
0 0.2859375 0.8 0.40625 0.0828125
0 0.28671875 0.6265625 0.4078125 0.1
0 0.2875 0.2609375 0.40625 0.1046875
0 0.7125 0.21796875 0.39375 0.0671875
0 0.71328125 0.371875 0.3953125 0.1296875
0 0.28671875 0.38984375 0.40625 0.04375