5 0.30234375 0.43203125 0.4109375 0.7203125
5 0.7234375 0.428125 0.4109375 0.7203125
4 0.30234375 0.221875 0.4109375 0.2859375
3 0.30234375 0.27734375 0.4109375 0.3984375
0 0.30234375 0.42265625 0.4109375 0.109375
3 0.30234375 0.52265625 0.4109375 0.0921875
3 0.7234375 0.11328125 0.4109375 0.0921875
0 0.7234375 0.11328125 0.4109375 0.0921875
3 0.7234375 0.19296875 0.4109375 0.0765625
0 0.7234375 0.2109375 0.4109375 0.0421875
4 0.7234375 0.171875 0.4109375 0.034375
3 0.7234375 0.2796875 0.4109375 0.0984375
4 0.7234375 0.24296875 0.4109375 0.0265625
0 0.7234375 0.290625 0.4109375 0.0796875
3 0.7234375 0.40703125 0.4109375 0.1546875
4 0.7234375 0.34140625 0.4109375 0.0234375
0 0.7234375 0.421875 0.4109375 0.1265625