5 0.49921875 0.48203125 0.8359375 0.8046875
3 0.71640625 0.25234375 0.40625 0.3359375
3 0.29609375 0.26171875 0.43125 0.3640625
3 0.29609375 0.6625 0.43125 0.4453125
4 0.29609375 0.60546875 0.43125 0.3328125
4 0.29609375 0.21796875 0.43125 0.275
4 0.71640625 0.17890625 0.40625 0.1890625
3 0.71640625 0.6546875 0.40625 0.4609375
4 0.71640625 0.57421875 0.40625 0.3015625
0 0.71640625 0.80234375 0.40625 0.16875
0 0.71640625 0.35078125 0.40625 0.1390625
0 0.29609375 0.3984375 0.43125 0.090625
0 0.29609375 0.82890625 0.43125 0.1109375