5 0.29296875 0.4875 0.3703125 0.8328125
5 0.70390625 0.490625 0.3703125 0.834375
3 0.29296875 0.16875 0.371875 0.1921875
3 0.703125 0.14375 0.3703125 0.1390625
3 0.70390625 0.39609375 0.36875 0.3421875
3 0.2921875 0.36640625 0.36875 0.1921875
3 0.2921875 0.51796875 0.3703125 0.09375
3 0.70390625 0.6484375 0.36875 0.1421875
3 0.2921875 0.740625 0.36875 0.328125
3 0.7046875 0.81953125 0.36875 0.1765625
4 0.29296875 0.128125 0.371875 0.1109375
0 0.29296875 0.225 0.371875 0.0796875
4 0.703125 0.1015625 0.3703125 0.05625
0 0.703125 0.171875 0.3703125 0.084375
4 0.70390625 0.33671875 0.36875 0.2234375
0 0.70390625 0.5078125 0.36875 0.1171875
4 0.2921875 0.290625 0.36875 0.0390625
0 0.2921875 0.38671875 0.36875 0.1515625
4 0.2921875 0.4921875 0.3703125 0.040625
0 0.2921875 0.5390625 0.3703125 0.0515625
4 0.2921875 0.721875 0.36875 0.2890625
0 0.2921875 0.88515625 0.36875 0.040625
4 0.70390625 0.60703125 0.36875 0.059375
0 0.70390625 0.678125 0.36875 0.0828125
4 0.7046875 0.778125 0.36875 0.09375
0 0.7046875 0.86640625 0.36875 0.084375