5 0.4921875 0.47421875 0.921875 0.86875
3 0.50234375 0.11328125 0.903125 0.1359375
4 0.50234375 0.0609375 0.9296875 0.0390625
0 0.50234375 0.1296875 0.9140625 0.10625
3 0.49921875 0.26875 0.91875 0.13125
4 0.50390625 0.22109375 0.9109375 0.04375
0 0.49921875 0.2875 0.9078125 0.0890625
3 0.49921875 0.6859375 0.925 0.1265625
4 0.50234375 0.63984375 0.9140625 0.03125
0 0.49765625 0.69921875 0.915625 0.0953125
3 0.4921875 0.83828125 0.915625 0.1453125
4 0.48984375 0.78515625 0.915625 0.0390625
0 0.49921875 0.8609375 0.9140625 0.1046875
2 0.50234375 0.47578125 0.9140625 0.2890625