5 0.5078125 0.48359375 0.8640625 0.7984375
3 0.3015625 0.2453125 0.4515625 0.321875
3 0.73359375 0.23515625 0.4171875 0.303125
3 0.3015625 0.52265625 0.4515625 0.228125
3 0.73359375 0.51484375 0.4171875 0.253125
3 0.73359375 0.76328125 0.4171875 0.2390625
3 0.3015625 0.76171875 0.4515625 0.2390625
4 0.3015625 0.19921875 0.4515625 0.23125
4 0.73359375 0.196875 0.4171875 0.2265625
4 0.29921875 0.42890625 0.4515625 0.040625
4 0.3015625 0.66015625 0.4515625 0.0359375
4 0.73359375 0.4796875 0.4171875 0.1828125
4 0.73359375 0.66015625 0.4171875 0.03125
0 0.3015625 0.3625 0.4515625 0.0875
0 0.3015625 0.5421875 0.4515625 0.1890625
0 0.3015625 0.778125 0.4515625 0.2046875
0 0.73359375 0.77734375 0.4171875 0.2109375
0 0.73359375 0.60546875 0.4171875 0.0703125
0 0.73359375 0.35078125 0.4171875 0.071875