5 0.515625 0.4921875 0.85625 0.8015625
3 0.72890625 0.6765625 0.4203125 0.4328125
3 0.3015625 0.3109375 0.4265625 0.4375
3 0.72890625 0.26640625 0.4203125 0.35
3 0.3015625 0.7203125 0.4265625 0.34375
4 0.3015625 0.2203125 0.4265625 0.2578125
4 0.3015625 0.59609375 0.4265625 0.09375
4 0.72890625 0.19609375 0.4203125 0.209375
4 0.72890625 0.60234375 0.4203125 0.284375
0 0.3015625 0.440625 0.4265625 0.178125
0 0.3015625 0.77421875 0.4265625 0.2375
0 0.72890625 0.371875 0.4203125 0.1390625
0 0.72890625 0.82421875 0.4203125 0.1375