5 0.496875 0.478125 0.91875 0.890625
3 0.496875 0.10390625 0.91875 0.140625
3 0.496875 0.24140625 0.91875 0.1125
3 0.496875 0.3671875 0.91875 0.125
3 0.496875 0.49453125 0.91875 0.1171875
3 0.496875 0.6140625 0.91875 0.1125
3 0.496875 0.8421875 0.91875 0.1296875
4 0.496875 0.05703125 0.91875 0.046875
4 0.496875 0.1984375 0.91875 0.0265625
4 0.496875 0.3171875 0.91875 0.0265625
4 0.496875 0.4484375 0.91875 0.0265625
4 0.496875 0.57109375 0.91875 0.0265625
4 0.496875 0.79609375 0.91875 0.028125
0 0.496875 0.12734375 0.91875 0.09375
0 0.496875 0.253125 0.91875 0.0875
0 0.496875 0.3796875 0.91875 0.1
0 0.496875 0.5046875 0.91875 0.096875
0 0.496875 0.62734375 0.91875 0.0859375
0 0.496875 0.85859375 0.91875 0.096875
2 0.49921875 0.7265625 0.9078125 0.0984375