5 0.5015625 0.5 0.9234375 0.934375
3 0.5015625 0.1359375 0.9234375 0.2046875
3 0.5015625 0.3671875 0.9234375 0.2546875
3 0.5015625 0.60078125 0.9234375 0.2046875
3 0.5015625 0.8015625 0.9234375 0.19375
4 0.5015625 0.08125 0.9234375 0.096875
0 0.5015625 0.1828125 0.9234375 0.1125
4 0.5015625 0.31640625 0.9234375 0.153125
0 0.5015625 0.44296875 0.9234375 0.1015625
4 0.5015625 0.54453125 0.9234375 0.09375
0 0.5015625 0.6453125 0.9234375 0.1140625
4 0.5015625 0.74921875 0.9234375 0.0875
0 0.5015625 0.84609375 0.9234375 0.10625