5 0.50078125 0.4828125 0.9 0.8796875
3 0.5 0.11171875 0.9015625 0.1390625
3 0.5 0.275 0.9015625 0.1640625
3 0.50234375 0.44921875 0.9015625 0.1640625
3 0.4984375 0.62421875 0.9015625 0.1640625
3 0.3515625 0.8125 0.596875 0.1859375
4 0.5 0.0640625 0.9015625 0.04375
4 0.4984375 0.225 0.9015625 0.0671875
4 0.5 0.39921875 0.9015625 0.0671875
4 0.49453125 0.56171875 0.9015625 0.04375
4 0.34765625 0.759375 0.5875 0.0828125
0 0.5 0.1328125 0.9015625 0.096875
0 0.50234375 0.3109375 0.9015625 0.0953125
0 0.49609375 0.4828125 0.9015625 0.096875
0 0.4953125 0.6484375 0.9 0.1296875
0 0.34765625 0.85390625 0.59375 0.1046875