5 0.2734375 0.496875 0.434375 0.771875
5 0.7265625 0.4953125 0.434375 0.771875
3 0.2734375 0.784375 0.434375 0.1484375
3 0.2734375 0.64375 0.434375 0.1109375
3 0.2734375 0.53984375 0.434375 0.078125
3 0.2734375 0.43046875 0.434375 0.1234375
3 0.2734375 0.31328125 0.434375 0.1015625
3 0.2734375 0.184375 0.434375 0.146875
3 0.7265625 0.27265625 0.434375 0.1453125
3 0.7265625 0.42421875 0.434375 0.153125
3 0.7265625 0.56875 0.434375 0.128125
3 0.7265625 0.68125 0.434375 0.0890625
3 0.7265625 0.15234375 0.434375 0.0859375
0 0.2734375 0.22265625 0.434375 0.0703125
4 0.2734375 0.1484375 0.434375 0.0765625
0 0.2734375 0.34296875 0.434375 0.04375
4 0.2734375 0.2921875 0.434375 0.059375
0 0.2734375 0.46640625 0.434375 0.05
4 0.2734375 0.4046875 0.434375 0.071875
0 0.2734375 0.6625 0.434375 0.075
4 0.2734375 0.6078125 0.434375 0.0390625
0 0.2734375 0.809375 0.434375 0.1015625
4 0.2734375 0.734375 0.434375 0.05
0 0.2734375 0.55625 0.434375 0.046875
4 0.2734375 0.51640625 0.434375 0.03125
0 0.7265625 0.7015625 0.434375 0.05
4 0.7265625 0.65546875 0.434375 0.0359375
0 0.7265625 0.5953125 0.434375 0.075
4 0.7265625 0.53046875 0.434375 0.05
0 0.7265625 0.46015625 0.434375 0.08125
4 0.7265625 0.38203125 0.434375 0.06875
0 0.7265625 0.3078125 0.434375 0.075
4 0.7265625 0.23515625 0.434375 0.0703125
0 0.7265625 0.16953125 0.434375 0.0515625
4 0.7265625 0.12734375 0.434375 0.0359375