5 0.290625 0.5078125 0.425 0.8671875
5 0.71796875 0.50546875 0.425 0.8671875
3 0.290625 0.14453125 0.425 0.140625
3 0.290625 0.26640625 0.425 0.1046875
3 0.290625 0.36015625 0.425 0.0875
3 0.290625 0.490625 0.425 0.16875
3 0.290625 0.73359375 0.425 0.309375
3 0.290625 0.91484375 0.425 0.05
3 0.715625 0.18828125 0.425 0.2328125
2 0.715625 0.61875 0.425 0.6328125
4 0.715625 0.140625 0.425 0.1375
4 0.290625 0.91484375 0.425 0.05
0 0.715625 0.2578125 0.425 0.09375
4 0.290625 0.715625 0.425 0.275
0 0.290625 0.86875 0.425 0.0390625
4 0.290625 0.4296875 0.425 0.046875
0 0.290625 0.51328125 0.425 0.121875
4 0.290625 0.32421875 0.425 0.015625
0 0.290625 0.36875 0.425 0.0703125
4 0.290625 0.2328125 0.425 0.0359375
0 0.290625 0.28515625 0.425 0.0671875
4 0.290625 0.11015625 0.425 0.071875
0 0.290625 0.18125 0.425 0.0671875