5 0.31484375 0.47421875 0.3921875 0.7890625
5 0.70625 0.47421875 0.3921875 0.7890625
3 0.31484375 0.265625 0.3921875 0.371875
3 0.31484375 0.57890625 0.3921875 0.253125
3 0.31484375 0.78359375 0.3921875 0.1609375
3 0.70625 0.15390625 0.3921875 0.1484375
3 0.70625 0.31171875 0.3921875 0.1578125
3 0.70625 0.47734375 0.3921875 0.175
3 0.70625 0.6953125 0.3921875 0.2625
4 0.31484375 0.265625 0.3921875 0.371875
4 0.31484375 0.559375 0.3921875 0.2125
4 0.31484375 0.78125 0.3921875 0.15625
4 0.70625 0.1375 0.3921875 0.115625
4 0.70625 0.2609375 0.3921875 0.05625
4 0.70625 0.428125 0.3921875 0.075
4 0.70625 0.58203125 0.3921875 0.0359375
0 0.31484375 0.68671875 0.3921875 0.0359375
0 0.70625 0.715625 0.3921875 0.2203125
0 0.70625 0.515625 0.3921875 0.0984375
0 0.70625 0.3421875 0.3921875 0.0984375
0 0.70625 0.2109375 0.3921875 0.0359375