5 0.2765625 0.49609375 0.4046875 0.8484375
5 0.73125 0.4984375 0.415625 0.8453125
3 0.27578125 0.15546875 0.4046875 0.16875
3 0.7296875 0.14765625 0.4140625 0.1453125
3 0.7296875 0.57734375 0.4140625 0.6859375
3 0.27578125 0.36484375 0.403125 0.21875
3 0.2765625 0.61328125 0.4046875 0.25
3 0.2765625 0.83828125 0.4046875 0.165625
4 0.27578125 0.10390625 0.4046875 0.0640625
0 0.27578125 0.1890625 0.4046875 0.1015625
4 0.7296875 0.096875 0.4140625 0.04375
0 0.7296875 0.16875 0.4140625 0.1046875
4 0.27578125 0.29765625 0.403125 0.084375
0 0.27578125 0.4078125 0.403125 0.1328125
4 0.7296875 0.275 0.4140625 0.0828125
0 0.7296875 0.61640625 0.4140625 0.6
4 0.2765625 0.5390625 0.4046875 0.103125
0 0.2765625 0.6640625 0.4046875 0.1484375
4 0.2765625 0.7890625 0.4046875 0.06875
0 0.2765625 0.871875 0.4046875 0.0984375