5 0.30625 0.50546875 0.4046875 0.8515625
5 0.715625 0.50546875 0.4 0.8515625
3 0.30625 0.14765625 0.4046875 0.134375
3 0.30625 0.271875 0.4046875 0.1015625
3 0.30625 0.44140625 0.4046875 0.23125
3 0.30625 0.6875 0.4046875 0.246875
3 0.30625 0.87421875 0.4046875 0.1125
3 0.715625 0.18828125 0.4 0.2171875
3 0.715625 0.43046875 0.4 0.26875
3 0.715625 0.746875 0.4 0.3609375
4 0.30625 0.1328125 0.4046875 0.10625
4 0.30625 0.2375 0.4046875 0.034375
4 0.30625 0.42578125 0.4046875 0.2
4 0.30625 0.671875 0.4046875 0.215625
4 0.30625 0.87265625 0.4046875 0.109375
4 0.715625 0.171875 0.4 0.184375
4 0.715625 0.4125 0.4 0.23125
4 0.715625 0.746875 0.4 0.3609375
0 0.30625 0.2890625 0.4046875 0.0671875
0 0.715625 0.5421875 0.4 0.04375
0 0.715625 0.28046875 0.4 0.034375
0 0.30625 0.2 0.4046875 0.0296875
0 0.30625 0.5421875 0.4046875 0.028125
0 0.30625 0.79453125 0.4046875 0.03125