5 0.50390625 0.46796875 0.9015625 0.871875
3 0.50390625 0.1078125 0.9015625 0.140625
3 0.50703125 0.25546875 0.9015625 0.15625
3 0.50390625 0.40546875 0.9015625 0.134375
3 0.50390625 0.54453125 0.9015625 0.134375
3 0.5 0.8359375 0.9015625 0.1515625
3 0.50546875 0.68671875 0.9015625 0.1328125
4 0.50390625 0.05234375 0.9015625 0.028125
4 0.50390625 0.21328125 0.9015625 0.0625
4 0.50390625 0.3515625 0.9015625 0.0234375
4 0.5015625 0.49375 0.8953125 0.025
4 0.50390625 0.6296875 0.89375 0.0234375
4 0.503125 0.78046875 0.8953125 0.0359375
0 0.50390625 0.121875 0.9015625 0.1125
0 0.50703125 0.28828125 0.9015625 0.090625
0 0.5109375 0.41640625 0.90625 0.10625
0 0.50390625 0.559375 0.9015625 0.1046875
0 0.5 0.7015625 0.9015625 0.1125
0 0.5 0.85625 0.9015625 0.1109375