5 0.5015625 0.4984375 0.9234375 0.9375
3 0.5015625 0.1140625 0.9234375 0.1703125
3 0.5015625 0.28359375 0.9234375 0.1640625
3 0.5015625 0.44140625 0.9234375 0.15625
3 0.5015625 0.59375 0.9234375 0.140625
3 0.5015625 0.83515625 0.9234375 0.1546875
4 0.5015625 0.0609375 0.9234375 0.0625
0 0.5015625 0.14375 0.9234375 0.1125
4 0.5015625 0.22578125 0.9234375 0.05
0 0.5015625 0.30703125 0.9234375 0.1171875
4 0.5015625 0.3890625 0.9234375 0.0515625
0 0.5015625 0.46875 0.9234375 0.1015625
4 0.5015625 0.54296875 0.9234375 0.0390625
0 0.5015625 0.6109375 0.9234375 0.10625
4 0.5015625 0.7765625 0.9234375 0.0421875
0 0.5015625 0.85546875 0.9234375 0.1140625
2 0.5046875 0.71015625 0.9125 0.0875