5 0.51171875 0.50546875 0.73125 0.8125
3 0.51171875 0.14296875 0.73125 0.0828125
3 0.51171875 0.23359375 0.73125 0.096875
3 0.51171875 0.32578125 0.73125 0.0859375
3 0.51171875 0.41640625 0.73125 0.0828125
3 0.51171875 0.48671875 0.73125 0.0515625
3 0.51171875 0.57890625 0.73125 0.1203125
3 0.51171875 0.7 0.73125 0.1046875
3 0.51171875 0.83359375 0.73125 0.1453125
4 0.51171875 0.78125 0.73125 0.0390625
0 0.51171875 0.85859375 0.73125 0.096875
4 0.51171875 0.65703125 0.73125 0.0171875
0 0.51171875 0.7078125 0.73125 0.0875
4 0.51171875 0.53046875 0.73125 0.0203125
0 0.51171875 0.5890625 0.73125 0.0984375
0 0.51171875 0.14296875 0.73125 0.0828125
0 0.51171875 0.23359375 0.73125 0.096875
0 0.51171875 0.32578125 0.73125 0.0859375
0 0.51171875 0.41640625 0.73125 0.0828125
0 0.51171875 0.48671875 0.73125 0.0515625