5 0.50625 0.48046875 0.840625 0.7890625
3 0.30546875 0.65625 0.440625 0.4421875
3 0.728125 0.31171875 0.3953125 0.446875
3 0.30546875 0.26171875 0.440625 0.3484375
3 0.728125 0.70234375 0.3953125 0.3375
4 0.30546875 0.21484375 0.440625 0.2546875
4 0.30546875 0.55234375 0.440625 0.234375
4 0.728125 0.221875 0.3953125 0.2671875
4 0.728125 0.66015625 0.3953125 0.2546875
0 0.30546875 0.38828125 0.440625 0.090625
0 0.30546875 0.76953125 0.440625 0.2078125
0 0.728125 0.44453125 0.3953125 0.18125
0 0.728125 0.82890625 0.3953125 0.084375