5 0.3046875 0.5203125 0.40625 0.88125
5 0.71875 0.5203125 0.415625 0.88125
3 0.3046875 0.14296875 0.40625 0.1265625
3 0.3046875 0.259375 0.40625 0.0984375
3 0.3046875 0.37265625 0.40625 0.1171875
3 0.3046875 0.484375 0.40625 0.1078125
3 0.3046875 0.6375 0.40625 0.2
2 0.3046875 0.840625 0.40625 0.2015625
3 0.72578125 0.3546875 0.40625 0.5421875
3 0.71953125 0.68671875 0.41875 0.1140625
3 0.71953125 0.89453125 0.4203125 0.1125
3 0.71953125 0.78671875 0.4203125 0.0984375
0 0.3046875 0.18671875 0.40625 0.040625
0 0.3046875 0.275 0.40625 0.0671875
0 0.3046875 0.39921875 0.40625 0.065625
0 0.3046875 0.5015625 0.40625 0.071875
0 0.3046875 0.71328125 0.40625 0.0484375
0 0.71953125 0.70078125 0.41875 0.0875
0 0.71953125 0.9109375 0.4203125 0.08125
0 0.71953125 0.8 0.4203125 0.071875
4 0.3046875 0.12265625 0.40625 0.0859375
4 0.3046875 0.22578125 0.40625 0.03125
4 0.3046875 0.3390625 0.40625 0.05
4 0.3046875 0.4484375 0.40625 0.0375
4 0.3046875 0.6125 0.40625 0.15
2 0.72578125 0.35234375 0.40625 0.5421875
4 0.71953125 0.6421875 0.41875 0.0265625
4 0.71953125 0.85390625 0.4203125 0.0296875
4 0.71953125 0.753125 0.4203125 0.03125