5 0.50234375 0.48671875 0.7109375 0.778125
3 0.50234375 0.1203125 0.7140625 0.046875
3 0.5015625 0.1875 0.7109375 0.0703125
3 0.50078125 0.30390625 0.709375 0.15
3 0.50078125 0.421875 0.7109375 0.0734375
3 0.5015625 0.4953125 0.7109375 0.0578125
3 0.5015625 0.56015625 0.7109375 0.0578125
3 0.50234375 0.63515625 0.7125 0.0734375
3 0.50234375 0.70390625 0.709375 0.0515625
3 0.503125 0.8078125 0.7109375 0.1375
4 0.503125 0.1109375 0.7109375 0.028125
4 0.5 0.17734375 0.709375 0.0515625
4 0.50078125 0.23984375 0.70625 0.0203125
4 0.50078125 0.4125 0.709375 0.0546875
4 0.50234375 0.47734375 0.7078125 0.0203125
4 0.503125 0.5484375 0.7109375 0.0359375
4 0.5015625 0.62421875 0.7125 0.0515625
4 0.50234375 0.6875 0.7078125 0.0203125
4 0.50234375 0.7828125 0.7078125 0.0875
0 0.5015625 0.13359375 0.7125 0.01875
0 0.50078125 0.21171875 0.7125 0.0203125
0 0.49921875 0.31328125 0.7109375 0.128125
0 0.49921875 0.4484375 0.7078125 0.015625
0 0.5015625 0.50546875 0.7109375 0.0375
0 0.50234375 0.57734375 0.7125 0.0234375
0 0.5015625 0.66171875 0.7109375 0.0203125
0 0.503125 0.7140625 0.709375 0.03125
0 0.50234375 0.85234375 0.709375 0.0515625