5 0.30078125 0.59453125 0.4046875 0.69375
5 0.70390625 0.59296875 0.396875 0.69375
3 0.30078125 0.309375 0.4046875 0.1234375
3 0.30078125 0.45546875 0.4046875 0.1640625
3 0.30078125 0.58671875 0.4046875 0.0875
3 0.30078125 0.68046875 0.4046875 0.090625
3 0.30078125 0.784375 0.4046875 0.10625
3 0.30078125 0.89140625 0.4046875 0.0921875
3 0.70390625 0.26953125 0.396875 0.04375
3 0.70390625 0.3546875 0.396875 0.1265625
3 0.70390625 0.45703125 0.396875 0.075
3 0.70390625 0.53125 0.396875 0.0671875
3 0.70390625 0.61015625 0.396875 0.096875
3 0.70390625 0.7078125 0.396875 0.090625
3 0.70390625 0.79453125 0.396875 0.075
3 0.70390625 0.8859375 0.396875 0.1
1 0.30078125 0.309375 0.4046875 0.1234375
1 0.30078125 0.45546875 0.4046875 0.1640625
1 0.30078125 0.58671875 0.4046875 0.0875
1 0.30078125 0.68046875 0.4046875 0.090625
1 0.30078125 0.784375 0.4046875 0.10625
1 0.30078125 0.89140625 0.4046875 0.0921875
1 0.70390625 0.26953125 0.396875 0.04375
1 0.70390625 0.3546875 0.396875 0.1265625
1 0.70390625 0.45703125 0.396875 0.075
1 0.70390625 0.53125 0.396875 0.0671875
1 0.70390625 0.61015625 0.396875 0.096875
1 0.70390625 0.7078125 0.396875 0.090625
1 0.70390625 0.79453125 0.396875 0.075
1 0.70390625 0.8859375 0.396875 0.1