5 0.2953125 0.45703125 0.3921875 0.778125
5 0.71015625 0.45859375 0.3984375 0.7828125
3 0.29375 0.1984375 0.3921875 0.2640625
3 0.709375 0.30546875 0.396875 0.4765625
3 0.29296875 0.43828125 0.390625 0.1734375
3 0.29375 0.59140625 0.3921875 0.1015625
3 0.709375 0.7078125 0.396875 0.284375
3 0.29375 0.75625 0.3921875 0.1828125
4 0.29375 0.1125 0.390625 0.0921875
4 0.71015625 0.19921875 0.396875 0.265625
4 0.29375 0.415625 0.390625 0.1296875
4 0.29453125 0.56796875 0.3921875 0.05625
4 0.71015625 0.62265625 0.396875 0.1171875
4 0.29296875 0.7140625 0.3921875 0.0984375
0 0.29296875 0.24453125 0.3921875 0.171875
0 0.29296875 0.50234375 0.3890625 0.04375
0 0.709375 0.43828125 0.3984375 0.209375
0 0.29375 0.61875 0.39375 0.04375
0 0.29375 0.80546875 0.39375 0.0828125
0 0.71015625 0.765625 0.396875 0.1671875