5 0.49375 0.48671875 0.78125 0.825
3 0.49375 0.22734375 0.78125 0.225
3 0.49375 0.45546875 0.78125 0.215625
3 0.49375 0.64921875 0.78125 0.1671875
3 0.49375 0.81484375 0.78125 0.15625
3 0.49375 0.09296875 0.78125 0.034375
4 0.49375 0.14375 0.78125 0.05625
4 0.49375 0.3703125 0.78125 0.0453125
4 0.49375 0.58984375 0.78125 0.046875
4 0.49375 0.76484375 0.78125 0.05625
0 0.49375 0.2546875 0.78125 0.1703125
0 0.49375 0.4765625 0.78125 0.171875
0 0.49375 0.67421875 0.78125 0.1171875
0 0.49375 0.84296875 0.78125 0.0984375
0 0.49375 0.09296875 0.78125 0.034375