5 0.29765625 0.52734375 0.415625 0.890625
5 0.71640625 0.53125 0.415625 0.890625
3 0.71640625 0.2390625 0.415625 0.1765625
3 0.71640625 0.36875 0.415625 0.0875
3 0.71640625 0.48515625 0.415625 0.14375
3 0.71640625 0.61015625 0.415625 0.103125
3 0.71640625 0.72890625 0.415625 0.134375
3 0.71640625 0.859375 0.415625 0.13125
0 0.71640625 0.30859375 0.415625 0.0375
0 0.71640625 0.38125 0.415625 0.0640625
0 0.71640625 0.53828125 0.415625 0.0375
0 0.71640625 0.628125 0.415625 0.0671875
0 0.71640625 0.73828125 0.415625 0.115625
0 0.71640625 0.8890625 0.415625 0.0734375
4 0.71640625 0.21953125 0.415625 0.1375
4 0.71640625 0.33515625 0.415625 0.0203125
4 0.71640625 0.4671875 0.415625 0.109375
4 0.71640625 0.57578125 0.415625 0.034375
4 0.71640625 0.67265625 0.415625 0.0234375
4 0.71640625 0.8234375 0.415625 0.0578125
2 0.29765625 0.52734375 0.415625 0.890625