5 0.49296875 0.525 0.8703125 0.821875
2 0.50234375 0.3765625 0.8703125 0.5421875
3 0.50234375 0.6796875 0.8703125 0.0734375
3 0.50234375 0.73828125 0.8703125 0.05
3 0.50234375 0.784375 0.8703125 0.0546875
4 0.50234375 0.66640625 0.8703125 0.0453125
0 0.50234375 0.70078125 0.8703125 0.028125
4 0.50234375 0.72734375 0.8703125 0.0265625
0 0.50234375 0.74765625 0.8703125 0.0234375
4 0.50234375 0.7734375 0.8703125 0.0328125
0 0.50234375 0.80078125 0.8703125 0.0296875
1 0.49296875 0.8765625 0.8703125 0.11875