5 0.52890625 0.51015625 0.9078125 0.9296875
3 0.28828125 0.13203125 0.4265625 0.109375
3 0.28828125 0.2421875 0.4265625 0.109375
3 0.29140625 0.3125 0.4265625 0.0390625
3 0.72734375 0.11484375 0.440625 0.08125
3 0.72734375 0.21171875 0.440625 0.1078125
4 0.28828125 0.09765625 0.4265625 0.0421875
0 0.28828125 0.15546875 0.4265625 0.075
4 0.28828125 0.20546875 0.4265625 0.0375
0 0.28828125 0.26171875 0.4265625 0.0703125
4 0.29140625 0.3125 0.4265625 0.0390625
0 0.72734375 0.11484375 0.440625 0.08125
4 0.72734375 0.171875 0.440625 0.0296875
0 0.72734375 0.228125 0.440625 0.075