5 0.2984375 0.515625 0.4203125 0.8796875
5 0.71171875 0.515625 0.396875 0.8796875
3 0.2984375 0.1 0.4203125 0.046875
3 0.2984375 0.22734375 0.4203125 0.209375
3 0.2984375 0.36875 0.4203125 0.0671875
3 0.2984375 0.4890625 0.4203125 0.1703125
3 0.2984375 0.60859375 0.4203125 0.0640625
3 0.2984375 0.71640625 0.4203125 0.1375
2 0.2984375 0.8671875 0.4203125 0.1609375
2 0.7078125 0.1453125 0.3890625 0.1234375
3 0.7078125 0.32109375 0.3890625 0.071875
3 0.7078125 0.39453125 0.3890625 0.0671875
3 0.7078125 0.46875 0.3890625 0.075
3 0.7078125 0.54375 0.3890625 0.071875
3 0.7078125 0.6171875 0.3890625 0.0671875
3 0.7078125 0.7296875 0.3890625 0.15
3 0.7078125 0.88125 0.3890625 0.1375
4 0.2984375 0.209375 0.4203125 0.171875
4 0.2984375 0.35 0.4203125 0.028125
4 0.2984375 0.43828125 0.4203125 0.06875
4 0.2984375 0.590625 0.4203125 0.028125
4 0.7078125 0.6625 0.3890625 0.015625
4 0.7078125 0.88125 0.3890625 0.1375
4 0.7078125 0.60078125 0.3890625 0.034375
4 0.7078125 0.52578125 0.3890625 0.0359375
4 0.7078125 0.44921875 0.3890625 0.0359375
4 0.7078125 0.37734375 0.3890625 0.03125
4 0.7078125 0.3015625 0.3890625 0.034375
4 0.7078125 0.23046875 0.3890625 0.0390625
4 0.2984375 0.6828125 0.4203125 0.06875
0 0.2984375 0.1 0.4203125 0.046875
0 0.2984375 0.31484375 0.4203125 0.0359375
0 0.2984375 0.52421875 0.4203125 0.1
0 0.2984375 0.38359375 0.4203125 0.0375
0 0.2984375 0.75 0.4203125 0.0703125
0 0.2984375 0.62421875 0.4203125 0.034375
0 0.7078125 0.73828125 0.3890625 0.1328125
0 0.7078125 0.63359375 0.3890625 0.034375
0 0.7078125 0.559375 0.3890625 0.0421875
0 0.7078125 0.48671875 0.3890625 0.0390625
0 0.7078125 0.4125 0.3890625 0.03125
0 0.7078125 0.33984375 0.3890625 0.0359375
3 0.7078125 0.246875 0.3890625 0.071875
0 0.7078125 0.26875 0.3890625 0.0296875