5 0.51328125 0.5046875 0.8546875 0.8734375
3 0.51328125 0.1953125 0.8546875 0.23125
3 0.51328125 0.41484375 0.8546875 0.196875
3 0.51328125 0.5984375 0.8546875 0.1546875
3 0.51328125 0.7765625 0.8546875 0.190625
4 0.51328125 0.12109375 0.8546875 0.0828125
4 0.51328125 0.3609375 0.8546875 0.090625
4 0.51328125 0.54609375 0.8546875 0.05
4 0.51328125 0.703125 0.8546875 0.04375
0 0.51328125 0.23515625 0.8546875 0.15
0 0.51328125 0.4609375 0.8546875 0.10625
0 0.51328125 0.621875 0.8546875 0.10625
0 0.51328125 0.80078125 0.8546875 0.140625