5 0.2953125 0.48984375 0.3765625 0.784375
5 0.7 0.48984375 0.3734375 0.784375
3 0.2953125 0.17890625 0.378125 0.1640625
3 0.7 0.1578125 0.3734375 0.11875
3 0.7 0.3015625 0.3734375 0.1359375
3 0.2921875 0.30625 0.3765625 0.084375
3 0.29296875 0.41328125 0.378125 0.115625
3 0.29296875 0.57265625 0.375 0.1875
3 0.29375 0.778125 0.3765625 0.209375
3 0.7 0.51796875 0.3734375 0.278125
3 0.7 0.71171875 0.3734375 0.0828125
3 0.7 0.82578125 0.3734375 0.1140625
4 0.29375 0.159375 0.3796875 0.128125
0 0.69921875 0.178125 0.3703125 0.0765625
0 0.70078125 0.328125 0.3703125 0.08125
0 0.29296875 0.33203125 0.378125 0.0359375
0 0.29296875 0.2421875 0.378125 0.0359375
0 0.29375 0.4375 0.3765625 0.065625
0 0.70078125 0.60078125 0.375 0.10625
0 0.29296875 0.64609375 0.375 0.0390625
0 0.29375 0.86171875 0.3765625 0.034375
0 0.7 0.73203125 0.3734375 0.04375
0 0.7 0.84375 0.3734375 0.0796875
4 0.2921875 0.2890625 0.3765625 0.0484375
4 0.7 0.26015625 0.3734375 0.0546875
4 0.7 0.46328125 0.3734375 0.165625
4 0.2921875 0.553125 0.3765625 0.1453125
4 0.29296875 0.7578125 0.378125 0.171875
4 0.69921875 0.68984375 0.3703125 0.0390625
4 0.7 0.7859375 0.3734375 0.034375
4 0.290625 0.37890625 0.3765625 0.0515625
4 0.70078125 0.11875 0.371875 0.040625