5 0.5359375 0.4875 0.8515625 0.9046875
3 0.31171875 0.32578125 0.3984375 0.1171875
3 0.3078125 0.50390625 0.3890625 0.240625
3 0.3046875 0.72421875 0.4 0.1953125
3 0.71796875 0.221875 0.3984375 0.290625
3 0.71796875 0.41640625 0.4171875 0.09375
3 0.7171875 0.50234375 0.4359375 0.075
3 0.7203125 0.57265625 0.4359375 0.075
3 0.72421875 0.64609375 0.428125 0.08125
3 0.721875 0.71796875 0.428125 0.0703125
3 0.71796875 0.84609375 0.4140625 0.1875
4 0.31171875 0.2875 0.3921875 0.0390625
0 0.31328125 0.34296875 0.3890625 0.0734375
4 0.30625 0.48046875 0.3921875 0.196875
0 0.30234375 0.5984375 0.3890625 0.04375
4 0.29921875 0.6640625 0.3953125 0.0671875
0 0.3046875 0.7578125 0.4 0.13125
4 0.71640625 0.39765625 0.4234375 0.0484375
0 0.721875 0.440625 0.4171875 0.0390625
4 0.71640625 0.48046875 0.434375 0.0390625
0 0.71875 0.51484375 0.4390625 0.0375
4 0.7203125 0.55390625 0.4359375 0.0453125
0 0.72890625 0.58828125 0.4484375 0.03125
4 0.7296875 0.62265625 0.434375 0.0421875
0 0.72421875 0.6625 0.4390625 0.0390625
4 0.721875 0.7 0.421875 0.0359375
0 0.72421875 0.7328125 0.428125 0.0375
0 0.7203125 0.9125 0.4203125 0.0421875
4 0.71796875 0.82421875 0.4203125 0.1390625
2 0.3046875 0.8859375 0.4 0.128125