5 0.49375 0.48046875 0.925 0.8828125
3 0.50078125 0.2625 0.9265625 0.24375
3 0.49921875 0.08125 0.91875 0.1
4 0.4953125 0.1109375 0.9265625 0.04375
4 0.49921875 0.2078125 0.925 0.1203125
0 0.49375 0.321875 0.925 0.1171875
3 0.49921875 0.45625 0.9078125 0.125
4 0.4953125 0.40859375 0.9265625 0.0203125
0 0.5046875 0.465625 0.91875 0.1015625
3 0.49765625 0.61953125 0.915625 0.1640625
4 0.50078125 0.5703125 0.9109375 0.0546875
0 0.49921875 0.65 0.9078125 0.1015625
3 0.4921875 0.8078125 0.921875 0.184375
4 0.49921875 0.76328125 0.925 0.0828125
0 0.49140625 0.8546875 0.91875 0.1046875