5 0.30234375 0.51015625 0.40625 0.859375
5 0.71328125 0.51015625 0.40625 0.859375
3 0.30234375 0.15703125 0.40625 0.1515625
4 0.30234375 0.13671875 0.40625 0.1125
0 0.30234375 0.209375 0.40625 0.040625
3 0.30234375 0.27421875 0.40625 0.1
4 0.30234375 0.23515625 0.40625 0.0234375
0 0.30234375 0.28828125 0.40625 0.078125
3 0.30234375 0.36640625 0.40625 0.0984375
4 0.30234375 0.33125 0.40625 0.028125
0 0.30234375 0.37734375 0.40625 0.075
3 0.30234375 0.50625 0.40625 0.1828125
4 0.30234375 0.48828125 0.40625 0.1484375
0 0.30234375 0.57421875 0.40625 0.0421875
3 0.30234375 0.68671875 0.40625 0.215625
4 0.30234375 0.63515625 0.40625 0.1125
0 0.30234375 0.740625 0.40625 0.1046875
3 0.30234375 0.8640625 0.40625 0.1484375
4 0.30234375 0.8109375 0.40625 0.0421875
0 0.30234375 0.8875 0.40625 0.1078125
4 0.7078125 0.16484375 0.3953125 0.021875
3 0.71015625 0.29765625 0.40625 0.10625
3 0.71328125 0.39453125 0.40625 0.0921875
3 0.715625 0.4796875 0.40625 0.0828125
3 0.71328125 0.55625 0.40625 0.0703125
3 0.71328125 0.64609375 0.40625 0.11875
3 0.71328125 0.75390625 0.40625 0.0984375
3 0.71328125 0.86953125 0.40625 0.1421875
0 0.70859375 0.2078125 0.40625 0.0703125
4 0.71015625 0.26328125 0.40625 0.0375
0 0.70859375 0.315625 0.40625 0.0703125
3 0.70859375 0.19921875 0.4125 0.0828125
4 0.71328125 0.3609375 0.40625 0.025
0 0.71328125 0.40546875 0.40625 0.0734375
4 0.715625 0.4578125 0.40625 0.0390625
0 0.715625 0.49765625 0.40625 0.0453125
4 0.71328125 0.53671875 0.40625 0.03125
0 0.71328125 0.56953125 0.40625 0.0390625
4 0.71328125 0.63046875 0.40625 0.0875
0 0.71328125 0.68671875 0.40625 0.034375
4 0.71328125 0.734375 0.40625 0.0578125
0 0.71328125 0.7796875 0.40625 0.0375
4 0.71328125 0.86796875 0.40625 0.1390625
3 0.71171875 0.1171875 0.403125 0.078125
4 0.71171875 0.0984375 0.403125 0.0390625
0 0.71171875 0.1328125 0.403125 0.0375