5 0.31328125 0.503125 0.384375 0.8453125
5 0.753125 0.50390625 0.49375 0.8484375
3 0.753125 0.1953125 0.49375 0.23125
3 0.31328125 0.1359375 0.384375 0.1125
3 0.31328125 0.2375 0.384375 0.084375
3 0.31328125 0.3171875 0.384375 0.06875
3 0.31328125 0.38671875 0.384375 0.0703125
3 0.31328125 0.4984375 0.384375 0.140625
3 0.31328125 0.60546875 0.384375 0.0703125
3 0.31328125 0.70546875 0.384375 0.125
3 0.31328125 0.8484375 0.384375 0.15
3 0.753125 0.41015625 0.49375 0.1921875
3 0.753125 0.53984375 0.49375 0.06875
3 0.753125 0.71015625 0.49375 0.2625
3 0.753125 0.8890625 0.49375 0.0859375
4 0.31328125 0.09765625 0.384375 0.0359375
4 0.31328125 0.21796875 0.384375 0.0453125
4 0.31328125 0.2984375 0.384375 0.03125
4 0.753125 0.37734375 0.49375 0.125
4 0.753125 0.521875 0.49375 0.03125
4 0.753125 0.67265625 0.49375 0.190625
4 0.753125 0.878125 0.49375 0.0640625
4 0.753125 0.1609375 0.49375 0.1625
4 0.31328125 0.8484375 0.384375 0.15
4 0.31328125 0.66015625 0.384375 0.0359375
4 0.31328125 0.58984375 0.384375 0.0390625
4 0.31328125 0.478125 0.384375 0.1015625
4 0.31328125 0.3671875 0.384375 0.03125
0 0.753125 0.471875 0.49375 0.06875
0 0.753125 0.27734375 0.49375 0.0671875
0 0.753125 0.80703125 0.49375 0.0703125
0 0.753125 0.9203125 0.49375 0.0234375
0 0.31328125 0.7234375 0.384375 0.0875
0 0.31328125 0.625 0.384375 0.03125
0 0.31328125 0.5484375 0.384375 0.0390625
0 0.31328125 0.40390625 0.384375 0.0359375
0 0.31328125 0.33125 0.384375 0.0421875
0 0.31328125 0.2609375 0.384375 0.0375
0 0.31328125 0.15546875 0.384375 0.071875