5 0.2890625 0.45703125 0.3984375 0.7703125
5 0.71171875 0.46015625 0.40625 0.76875
3 0.2875 0.14609375 0.3953125 0.1484375
3 0.7109375 0.26015625 0.4046875 0.36875
3 0.28828125 0.303125 0.3984375 0.125
3 0.2875 0.46171875 0.396875 0.14375
3 0.71171875 0.56875 0.40625 0.209375
3 0.28828125 0.6234375 0.3953125 0.1453125
3 0.28828125 0.77890625 0.3921875 0.125
3 0.7109375 0.76875 0.4046875 0.1453125
4 0.2875 0.10546875 0.396875 0.0640625
4 0.7109375 0.1359375 0.4046875 0.11875
4 0.709375 0.52421875 0.4046875 0.1203125
4 0.2875 0.26328125 0.396875 0.040625
4 0.28671875 0.41875 0.3953125 0.0578125
4 0.2875 0.57890625 0.396875 0.0578125
4 0.2890625 0.73671875 0.3921875 0.0421875
4 0.7125 0.72578125 0.403125 0.059375
0 0.28828125 0.1796875 0.3953125 0.0828125
0 0.2875 0.325 0.4 0.0828125
0 0.28671875 0.48984375 0.396875 0.084375
0 0.71015625 0.32109375 0.403125 0.2484375
0 0.2875 0.65390625 0.396875 0.0875
0 0.71015625 0.6296875 0.40625 0.0859375
0 0.28671875 0.8 0.3890625 0.08125
0 0.7109375 0.8 0.40625 0.0828125