5 0.5046875 0.52578125 0.9078125 0.8671875
3 0.5046875 0.2171875 0.9078125 0.25
3 0.5046875 0.54140625 0.9078125 0.1265625
3 0.5046875 0.41015625 0.9078125 0.128125
3 0.5046875 0.68359375 0.9078125 0.15625
3 0.5046875 0.8421875 0.9078125 0.153125
4 0.5046875 0.12421875 0.9078125 0.0625
4 0.5046875 0.496875 0.9078125 0.0375
4 0.5046875 0.36875 0.9078125 0.0453125
4 0.5046875 0.640625 0.9078125 0.06875
4 0.5046875 0.79375 0.9078125 0.0578125
0 0.5046875 0.246875 0.9078125 0.1890625
0 0.5046875 0.5609375 0.9078125 0.0875
0 0.5046875 0.43203125 0.9078125 0.084375
0 0.5046875 0.7203125 0.9078125 0.0828125
0 0.5046875 0.871875 0.9078125 0.0953125