5 0.50859375 0.57421875 0.7890625 0.734375
3 0.31328125 0.4328125 0.4 0.134375
3 0.31328125 0.63125 0.4 0.2578125
3 0.31328125 0.81328125 0.4 0.1046875
3 0.31328125 0.90546875 0.4 0.071875
3 0.70625 0.39765625 0.3828125 0.0640625
3 0.70625 0.496875 0.3828125 0.1265625
3 0.70625 0.61484375 0.3828125 0.10625
3 0.70625 0.7203125 0.3828125 0.109375
3 0.70625 0.85703125 0.3828125 0.1640625
2 0.50859375 0.28125 0.7890625 0.1484375
4 0.31328125 0.3984375 0.4 0.0671875
4 0.31328125 0.52734375 0.4 0.0515625
4 0.31328125 0.778125 0.4 0.034375
4 0.31328125 0.875 0.4 0.0125
4 0.70625 0.478125 0.3828125 0.090625
4 0.70625 0.5703125 0.3828125 0.015625
4 0.70625 0.675 0.3828125 0.0171875
4 0.70625 0.78671875 0.3828125 0.0234375
0 0.31328125 0.65625 0.4 0.2078125
0 0.31328125 0.465625 0.4 0.06875
0 0.31328125 0.82890625 0.4 0.071875
0 0.31328125 0.9140625 0.4 0.0546875
0 0.70625 0.39765625 0.3828125 0.0640625
0 0.70625 0.540625 0.3828125 0.0390625
0 0.70625 0.625 0.3828125 0.0859375
0 0.70625 0.73046875 0.3828125 0.090625
0 0.70625 0.86796875 0.3828125 0.1421875