5 0.50390625 0.48203125 0.90625 0.8859375
3 0.49453125 0.29453125 0.90625 0.171875
3 0.4984375 0.471875 0.90625 0.140625
3 0.4984375 0.634375 0.90625 0.1703125
3 0.4984375 0.81328125 0.90625 0.1734375
3 0.50546875 0.121875 0.90625 0.1640625
0 0.49453125 0.32578125 0.90625 0.109375
0 0.4984375 0.48359375 0.90625 0.115625
0 0.4984375 0.66015625 0.90625 0.11875
0 0.4984375 0.8390625 0.90625 0.121875
0 0.50546875 0.14609375 0.90625 0.115625
4 0.49453125 0.2390625 0.90625 0.0609375
4 0.4984375 0.41328125 0.90625 0.0234375
4 0.4984375 0.57578125 0.90625 0.0515625
4 0.4984375 0.75234375 0.90625 0.0515625
4 0.50546875 0.0625 0.90625 0.0453125