5 0.49375 0.47421875 0.903125 0.878125
4 0.49140625 0.06015625 0.9140625 0.040625
0 0.4921875 0.1328125 0.915625 0.0953125
3 0.49140625 0.25546875 0.91875 0.128125
4 0.49765625 0.21171875 0.9328125 0.0328125
0 0.496875 0.27421875 0.925 0.0828125
3 0.49921875 0.5609375 0.925 0.121875
4 0.49375 0.51484375 0.9140625 0.025
0 0.49921875 0.571875 0.9296875 0.1015625
3 0.4953125 0.6921875 0.921875 0.1140625
4 0.50078125 0.64765625 0.915625 0.015625
0 0.50078125 0.70546875 0.921875 0.0875
3 0.4953125 0.840625 0.921875 0.1625
4 0.4953125 0.77890625 0.915625 0.0390625
0 0.49375 0.8578125 0.91875 0.1140625
2 0.496875 0.4125 0.925 0.1671875