5 0.2921875 0.4578125 0.4046875 0.7890625
5 0.72265625 0.45859375 0.40625 0.7828125
3 0.29140625 0.11484375 0.4015625 0.1015625
3 0.290625 0.2421875 0.403125 0.1171875
3 0.721875 0.134375 0.40625 0.134375
3 0.290625 0.4703125 0.403125 0.296875
3 0.721875 0.4484375 0.4046875 0.4453125
3 0.29140625 0.7484375 0.4015625 0.2078125
3 0.721875 0.7734375 0.4046875 0.153125
4 0.290625 0.09140625 0.4015625 0.05625
4 0.72109375 0.10625 0.40625 0.0796875
4 0.28984375 0.196875 0.3984375 0.028125
4 0.721875 0.37109375 0.4046875 0.29375
4 0.2921875 0.70078125 0.4015625 0.1125
4 0.72109375 0.71875 0.403125 0.0484375
0 0.29140625 0.14296875 0.3984375 0.04375
0 0.72109375 0.1734375 0.40625 0.05625
0 0.7203125 0.59375 0.4046875 0.1578125
0 0.290625 0.25546875 0.4015625 0.090625
0 0.28984375 0.50078125 0.3984375 0.2390625
0 0.29140625 0.80546875 0.3984375 0.0921875
0 0.721875 0.7984375 0.4015625 0.1046875
4 0.2890625 0.353125 0.396875 0.0609375