5 0.51015625 0.5015625 0.9078125 0.85625
3 0.51015625 0.22734375 0.9078125 0.134375
4 0.5125 0.203125 0.9078125 0.0953125
0 0.5125 0.271875 0.9078125 0.040625
3 0.5125 0.37109375 0.9078125 0.1328125
3 0.5125 0.5109375 0.9078125 0.1296875
3 0.5125 0.66796875 0.9078125 0.1546875
3 0.5125 0.83359375 0.9078125 0.1484375
4 0.5125 0.34609375 0.9078125 0.0828125
4 0.5125 0.490625 0.9078125 0.09375
4 0.5125 0.6484375 0.9078125 0.1109375
4 0.5125 0.8140625 0.9078125 0.109375
0 0.5125 0.4125 0.9078125 0.0546875
0 0.51015625 0.55859375 0.896875 0.0390625
0 0.515625 0.7296875 0.9078125 0.0390625
0 0.50703125 0.8921875 0.9078125 0.0390625