5 0.27109375 0.59609375 0.4296875 0.5703125
5 0.7265625 0.5953125 0.4296875 0.5703125
3 0.27109375 0.7921875 0.4296875 0.178125
3 0.27109375 0.615625 0.4296875 0.1640625
3 0.27109375 0.42265625 0.4296875 0.2234375
3 0.7265625 0.7421875 0.4296875 0.275
3 0.7265625 0.4515625 0.4296875 0.284375
2 0.50078125 0.23984375 0.884375 0.125
0 0.27109375 0.48359375 0.4296875 0.103125
4 0.27109375 0.371875 0.4296875 0.121875
0 0.27109375 0.65 0.4296875 0.096875
4 0.27109375 0.56640625 0.4296875 0.0671875
0 0.27109375 0.82734375 0.4296875 0.109375
4 0.27109375 0.7375 0.4296875 0.06875
0 0.7265625 0.51015625 0.4296875 0.16875
4 0.7265625 0.3671875 0.4296875 0.115625
0 0.7265625 0.80078125 0.4296875 0.159375
4 0.7265625 0.66328125 0.4296875 0.1171875