5 0.50390625 0.4765625 0.9296875 0.8265625
3 0.50390625 0.16796875 0.9296875 0.209375
3 0.50390625 0.328125 0.9296875 0.103125
3 0.5046875 0.4828125 0.9234375 0.19375
3 0.50390625 0.71953125 0.9265625 0.2421875
4 0.50234375 0.66328125 0.9265625 0.128125
4 0.50390625 0.4109375 0.9265625 0.0390625
4 0.50234375 0.30078125 0.9296875 0.0421875
4 0.50234375 0.090625 0.9265625 0.05625
0 0.50390625 0.1984375 0.9265625 0.1328125
0 0.503125 0.3515625 0.928125 0.0484375
0 0.50625 0.50625 0.9234375 0.140625
0 0.50234375 0.775 0.9265625 0.0984375