5 0.2984375 0.48515625 0.390625 0.83125
5 0.70390625 0.48671875 0.3796875 0.83125
3 0.2984375 0.16640625 0.3921875 0.1921875
3 0.703125 0.16484375 0.38125 0.1890625
3 0.296875 0.378125 0.390625 0.2046875
3 0.703125 0.41171875 0.378125 0.2703125
3 0.2984375 0.6140625 0.390625 0.234375
3 0.703125 0.64453125 0.38125 0.165625
3 0.29609375 0.82421875 0.3890625 0.153125
3 0.703125 0.82421875 0.38125 0.1578125
3 0.2984375 0.11875 0.3921875 0.096875
0 0.2984375 0.21484375 0.3921875 0.0953125
4 0.703125 0.10703125 0.38125 0.0734375
0 0.703125 0.203125 0.38125 0.1125
4 0.296875 0.31640625 0.390625 0.08125
0 0.296875 0.41875 0.390625 0.125
4 0.703125 0.3625 0.378125 0.1703125
0 0.703125 0.49765625 0.378125 0.0984375
4 0.2984375 0.5234375 0.390625 0.0515625
0 0.2984375 0.64140625 0.390625 0.1796875
4 0.703125 0.5953125 0.38125 0.0671875
0 0.703125 0.678125 0.38125 0.0984375
4 0.29609375 0.778125 0.3890625 0.059375
0 0.29609375 0.85703125 0.3890625 0.0890625
4 0.703125 0.7734375 0.38125 0.05625
0 0.703125 0.853125 0.38125 0.1