5 0.49140625 0.47421875 0.9140625 0.8859375
3 0.49765625 0.1 0.915625 0.125
3 0.50078125 0.22421875 0.915625 0.1078125
3 0.49921875 0.34765625 0.9140625 0.109375
3 0.5046875 0.4875 0.9140625 0.15
4 0.496875 0.44609375 0.9140625 0.0625
0 0.50390625 0.51953125 0.9 0.0890625
2 0.50234375 0.8046875 0.9109375 0.240625
4 0.496875 0.60078125 0.9140625 0.046875
4 0.50390625 0.6546875 0.90625 0.0359375
4 0.49765625 0.0515625 0.915625 0.0296875
0 0.49765625 0.11484375 0.915625 0.0984375
4 0.50078125 0.18125 0.915625 0.0234375
0 0.50078125 0.23515625 0.915625 0.0859375
4 0.49921875 0.30390625 0.9140625 0.0234375
0 0.49921875 0.35859375 0.9140625 0.0875